1010
0 2 857
1 407 102
1 915 965
1 797 45
1 997 241
1 650 683
1 748 248
1 99 174
1 2 545
1 277 689
1 568 771
1 76 105
1 117 973
1 171 971
1 327 183
1 277 697
1 269 246
1 670 18
1 51 901
1 951 696
1 710 102
1 61 465
1 348 606
1 551 243
1 524 793
1 89 582
1 900 748
1 235 368
1 122 587
1 449 781
1 970 38
1 362 490
1 742 267
1 289 115
1 898 957
1 996 922
1 951 633
1 713 779
1 603 247
1 402 363
1 143 0
1 274 608
1 81 422
1 550 408
1 43 699
1 482 575
1 909 254
1 613 37
1 202 575
1 297 297
1 736 288
1 464 127
1 499 491
1 635 531
1 796 328
1 184 941
1 641 824
1 863 673
1 396 950
1 555 631
1 664 966
1 301 260
1 425 990
1 559 746
1 431 827
1 724 472
1 847 51
1 888 721
1 136 331
1 859 627
1 206 5
1 429 381
1 798 918
1 886 684
1 123 488
1 779 445
1 764 43
1 938 743
1 800 398
1 734 20
1 211 678
1 601 545
1 512 403
1 796 106
1 644 810
1 416 973
1 115 435
1 667 91
1 395 941
1 374 546
1 546 191
1 754 255
1 124 588
1 423 929
1 314 637
1 668 268
1 321 786
1 960 423
1 11 499
1 721 692
1 803 584
1 337 475
1 806 773
1 429 478
1 214 547
1 361 166
1 944 218
1 12 468
1 527 255
1 789 724
1 250 862
1 892 896
1 545 806
1 832 12
1 628 495
1 194 884
1 395 309
1 655 39
1 558 175
1 247 947
1 36 394
1 877 451
1 599 724
1 83 489
1 754 703
1 65 35
1 889 230
1 938 307
1 662 394
1 248 220
1 642 549
1 747 86
1 201 643
1 400 574
1 653 798
1 653 904
1 643 138
1 951 307
1 793 865
1 500 726
1 585 586
1 285 769
1 511 898
1 336 912
1 454 207
1 239 951
1 335 815
1 911 708
1 2 239
1 602 984
1 372 799
1 177 756
1 816 435
1 617 639
1 806 796
1 793 584
1 803 561
1 479 831
1 397 20
1 618 113
1 702 902
1 838 111
1 989 451
1 215 154
1 581 757
1 294 174
1 997 332
1 350 909
1 335 941
1 906 354
1 920 675
1 493 469
1 187 284
1 678 127
1 831 755
1 316 319
1 188 134
1 73 608
1 884 613
1 193 831
1 717 851
1 508 52
1 809 556
1 705 769
1 983 312
1 847 359
1 415 658
1 132 789
1 520 413
1 913 564
1 90 256
1 960 936
1 693 559
1 980 347
1 300 456
1 376 144
1 192 177
1 272 525
1 88 626
1 772 743
1 540 206
1 474 559
1 575 901
1 241 949
1 583 602
1 215 48
1 460 683
1 81 368
1 998 835
1 585 234
1 522 137
1 294 501
1 788 392
1 621 498
1 116 698
1 81 236
1 788 277
1 817 861
1 678 560
1 351 354
1 156 507
1 617 486
1 218 189
1 213 23
1 884 616
1 923 177
1 829 814
1 479 307
1 285 153
1 584 878
1 176 928
1 166 656
1 507 183
1 907 171
1 7 792
1 995 412
1 22 787
1 149 784
1 649 933
1 885 309
1 131 560
1 22 81
1 502 640
1 462 970
1 465 114
1 192 569
1 547 473
1 557 408
1 480 579
1 775 395
1 845 753
1 701 529
1 962 95
1 842 847
1 31 68
1 627 629
1 524 322
1 918 853
1 823 774
1 775 894
1 109 935
1 478 480
1 511 488
1 785 899
1 487 121
1 453 440
1 470 598
1 1 111
1 756 89
1 728 583
1 647 753
1 973 391
1 842 559
1 637 397
1 72 370
1 948 485
1 999 268
1 471 517
1 350 131
1 381 534
1 310 467
1 973 212
1 164 485
1 429 565
1 186 426
1 838 897
1 779 143
1 452 1
1 866 928
1 214 623
1 532 586
1 513 152
1 915 772
1 204 585
1 343 558
1 877 720
1 730 272
1 364 617
1 210 569
1 514 296
1 33 761
1 202 695
1 706 395
1 597 866
1 376 83
1 679 434
1 483 578
1 0 299
1 639 101
1 709 590
1 774 925
1 804 864
1 528 192
1 660 561
1 888 7
1 788 712
1 79 750
1 854 884
1 710 665
1 939 390
1 156 683
1 62 737
1 207 501
1 944 334
1 952 915
1 14 440
1 923 386
1 693 370
1 485 885
1 890 951
1 478 956
1 782 216
1 104 50
1 822 370
1 73 108
1 7 981
1 987 382
1 397 439
1 986 513
1 871 661
1 636 866
1 154 39
1 70 100
1 75 647
1 383 5
1 86 692
1 263 570
1 26 218
1 892 317
1 139 60
1 76 883
1 336 44
1 648 837
1 713 447
1 98 769
1 316 688
1 470 613
1 157 295
1 499 223
1 482 100
1 3 209
1 280 692
1 525 6
1 54 122
1 220 208
1 838 860
1 0 143
1 455 989
1 923 705
1 41 665
1 829 426
1 809 821
1 238 811
1 57 114
1 490 911
1 445 135
1 126 154
1 502 856
1 543 422
1 395 335
1 873 378
1 947 675
1 127 46
1 895 216
1 590 641
1 415 0
1 456 639
1 881 466
1 721 116
1 884 403
1 323 319
1 495 158
1 534 496
1 784 89
1 600 973
1 582 263
1 630 484
1 498 412
1 737 749
1 187 137
1 433 302
1 864 360
1 262 566
1 63 28
1 698 186
1 669 65
1 280 605
1 163 577
1 7 891
1 156 301
1 977 815
1 144 312
1 272 181
1 524 978
1 112 407
1 865 155
1 232 344
1 418 650
1 529 362
1 889 916
1 952 677
1 443 10
1 644 925
1 982 797
1 328 995
1 652 395
1 954 103
1 614 890
1 583 127
1 54 278
1 534 176
1 457 678
1 769 423
1 111 776
1 537 183
1 887 534
1 263 242
1 238 143
1 693 433
1 481 223
1 276 463
1 301 278
1 813 997
1 522 400
1 342 979
1 121 219
1 282 213
1 495 110
1 824 196
1 974 643
1 567 187
1 588 289
1 415 542
1 84 369
1 711 288
1 192 263
1 634 955
1 134 858
1 836 650
1 401 251
1 330 390
1 757 708
1 640 675
1 512 860
1 179 319
1 36 160
1 902 529
1 526 587
1 186 229
1 15 596
1 979 645
1 647 323
1 182 123
1 184 38
1 302 219
1 781 849
1 330 18
1 991 649
1 887 717
1 37 331
1 616 448
1 331 231
1 822 365
1 230 835
1 359 963
1 60 730
1 776 660
1 376 810
1 703 627
1 481 728
1 495 862
1 192 598
1 121 520
1 854 951
1 305 495
1 603 933
1 916 240
1 889 765
1 608 852
1 233 438
1 715 397
1 250 676
1 385 490
1 911 127
1 977 120
1 57 831
1 695 732
1 168 907
1 487 552
1 379 518
1 175 165
1 741 69
1 859 350
1 741 665
1 542 145
1 65 804
1 34 189
1 618 340
1 87 291
1 784 685
1 785 260
1 943 254
1 183 988
1 239 180
1 206 769
1 597 257
1 780 886
1 981 148
1 227 435
1 918 839
1 905 402
1 257 337
1 100 996
1 194 631
1 164 219
1 524 887
1 909 704
1 169 906
1 241 785
1 937 826
1 62 828
1 538 74
1 399 812
1 855 575
1 802 150
1 451 192
1 979 779
1 342 445
1 692 472
1 9 452
1 897 431
1 665 139
1 128 106
1 768 689
1 150 279
1 791 248
1 836 385
1 235 877
1 315 98
1 895 755
1 363 154
1 373 633
1 42 430
1 850 534
1 592 274
1 95 712
1 565 82
1 736 849
1 227 124
1 770 512
1 191 627
1 334 855
1 307 97
1 718 570
1 808 903
1 630 96
1 694 101
1 714 65
1 380 514
1 311 9
1 581 60
1 483 315
1 452 330
1 269 422
1 986 414
1 207 280
1 645 986
1 97 50
1 258 620
1 19 60
1 159 382
1 594 3
1 575 648
1 505 396
1 271 186
1 259 278
1 440 484
1 204 169
1 839 329
1 796 265
1 184 633
1 110 901
1 794 510
1 612 243
1 471 610
1 168 254
1 651 691
1 317 884
1 788 451
1 778 532
1 999 602
1 223 747
1 951 203
1 290 179
1 5 237
1 848 785
1 606 434
1 511 279
1 919 357
1 409 840
1 726 723
1 198 57
1 563 987
1 330 143
1 112 165
1 564 379
1 841 919
1 736 821
1 895 875
1 772 252
1 233 210
1 956 386
1 29 477
1 440 322
1 300 683
1 19 243
1 804 616
1 139 376
1 177 425
1 164 188
1 330 450
1 894 845
1 81 292
1 327 908
1 52 153
1 681 294
1 806 403
1 650 476
1 238 416
1 930 935
1 220 643
1 976 863
1 487 945
1 23 117
1 777 163
1 352 425
1 224 959
1 800 833
1 1 880
1 530 411
1 205 696
1 47 211
1 1 975
1 463 461
1 12 909
1 9 25
1 960 395
1 808 103
1 555 364
1 881 187
1 640 356
1 423 259
1 574 348
1 312 251
1 881 836
1 874 740
1 135 158
1 904 910
1 102 78
1 926 747
1 133 610
1 712 498
1 801 94
1 46 372
1 792 533
1 744 492
1 49 160
1 910 98
1 161 275
1 462 5
1 2 317
1 892 299
1 623 197
1 280 296
1 390 873
1 569 740
1 382 176
1 67 260
1 22 899
1 224 74
1 976 106
1 643 937
1 286 733
1 343 347
1 768 396
1 281 2
1 646 481
1 113 496
1 449 469
1 209 276
1 146 512
1 925 847
1 541 265
1 108 218
1 909 962
1 873 616
1 891 741
1 610 429
1 632 229
1 254 413
1 174 367
1 801 148
1 94 483
1 70 736
1 396 630
1 722 757
1 652 154
1 524 473
1 390 532
1 865 278
1 739 441
1 522 405
1 315 92
1 676 875
1 367 807
1 174 702
1 161 844
1 52 348
1 628 479
1 294 425
1 245 335
1 849 644
1 188 955
1 898 25
1 712 633
1 369 346
1 795 493
1 704 846
1 33 817
1 872 179
1 774 620
1 635 620
1 512 482
1 67 510
1 527 626
1 316 970
1 777 242
1 622 844
1 35 70
1 577 911
1 285 224
1 652 328
1 358 274
1 950 346
1 824 571
1 228 251
1 133 826
1 166 573
1 5 941
1 876 539
1 74 80
1 668 777
1 773 7
1 71 263
1 476 656
1 94 533
1 895 963
1 744 131
1 710 940
1 790 311
1 470 10
1 778 994
1 726 581
1 301 968
1 425 873
1 510 342
1 551 998
1 880 251
1 13 286
1 229 807
1 791 870
1 980 301
1 319 503
1 678 661
1 131 647
1 756 147
1 752 792
1 552 315
1 833 41
1 570 210
1 550 937
1 0 825
1 237 533
1 484 801
1 281 735
1 126 383
1 261 867
1 765 621
1 340 504
1 483 824
1 904 551
1 380 261
1 450 572
1 581 121
1 737 364
1 504 708
1 162 788
1 379 894
1 415 846
1 11 831
1 357 10
1 794 896
1 168 803
1 981 897
1 740 619
1 192 525
1 307 810
1 193 59
1 348 6
1 896 319
1 718 704
1 635 865
1 44 81
1 677 455
1 365 89
1 993 748
1 21 769
1 264 253
1 794 836
1 158 537
1 299 507
1 837 673
1 625 578
1 726 948
1 225 753
1 529 813
1 57 217
1 493 88
1 977 476
1 926 415
1 370 421
1 960 959
1 56 666
1 568 361
1 418 120
1 830 947
1 799 823
1 447 171
1 136 12
1 510 332
1 864 465
1 510 511
1 37 62
1 610 786
1 739 627
1 155 680
1 710 998
1 443 869
1 243 357
1 736 125
1 323 814
1 526 532
1 20 222
1 54 930
1 124 270
1 76 619
1 43 801
1 872 318
1 938 393
1 518 361
1 114 189
1 398 156
1 666 975
1 976 884
1 362 501
1 799 452
1 791 71
1 778 700
1 745 362
1 691 851
1 870 506
1 957 214
1 547 416
1 645 140
1 41 367
1 747 223
1 884 821
1 686 750
1 520 508
1 86 411
1 196 752
1 790 247
1 100 49
1 116 857
1 754 899
1 387 843
1 653 877
1 682 525
1 156 967
1 861 886
1 628 139
1 829 776
1 829 177
1 48 367
1 553 756
1 308 857
1 525 768
1 739 419
1 534 906
1 74 407
1 829 489
1 174 812
1 756 539
1 783 958
1 651 110
1 551 459
1 980 868
1 295 427
1 729 915
1 518 915
1 46 872
1 172 627
1 130 202
1 677 872
1 374 795
1 181 760
1 751 788
1 83 664
1 459 649
1 792 917
1 813 502
1 746 768
1 377 708
1 676 582
1 367 690
1 124 298
1 280 13
1 209 128
1 794 714
1 636 512
1 901 875
1 970 319
1 301 452
1 146 305
1 45 362
1 239 811
1 423 798
1 477 717
1 102 815
1 504 648
1 524 158
1 902 424
1 538 337
1 951 766
1 296 959
1 647 246
1 395 299
1 970 492
1 260 138
1 394 642
1 795 836
1 657 44
1 263 655
1 776 212
1 436 346
1 309 29
1 982 977
1 879 198
1 99 1000
1 927 947
1 419 592
1 742 981
1 138 226
1 714 685
1 410 503
1 858 581
1 988 225
1 576 24
1 114 728
1 673 162
1 660 459
1 624 134
1 520 801
1 86 528
1 245 156
1 671 77
1 944 270
1 951 622
1 412 813
1 732 304
1 532 201
2 167 167
2 167 500
2 167 834
2 500 167
2 500 500
2 500 834
2 833 167
2 833 500
2 833 834
1073
2 857
116 857
134 858
161 844
194 884
169 906
168 907
176 928
184 941
188 955
183 988
171 971
156 967
117 973
109 935
110 901
76 883
46 872
2 857
54 122
57 114
73 108
76 105
70 100
74 80
65 35
63 28
97 50
100 49
104 50
102 78
128 106
139 60
127 46
136 12
143 0
206 5
213 23
184 38
193 59
198 57
215 48
224 74
227 124
209 128
187 137
167 167
2 857
804 864
817 861
838 860
854 884
861 886
892 896
889 916
904 910
895 875
901 875
918 853
925 847
937 826
918 839
894 845
881 836
884 821
889 765
848 785
829 814
809 821
500 834
2 857
451 192
454 207
481 223
499 223
507 183
500 167
495 158
513 152
524 158
534 176
537 183
546 191
528 192
532 201
540 206
551 243
541 265
527 255
511 279
479 307
2 857
830 947
854 951
890 951
898 957
895 963
909 962
915 965
927 947
960 936
960 959
982 977
996 922
981 897
980 868
998 835
977 815
976 863
976 884
952 915
930 935
866 928
841 919
833 834
2 857
193 831
229 807
238 811
239 811
241 785
307 810
323 814
334 855
350 909
336 912
327 908
317 884
308 857
261 867
250 862
235 877
247 947
241 949
239 951
224 959
2 857
343 347
351 354
369 346
402 363
395 335
395 309
395 299
433 302
423 259
401 251
380 261
358 274
323 319
316 319
297 297
301 278
301 260
312 251
331 231
302 219
282 213
285 224
263 242
269 246
264 253
259 278
167 500
2 857
575 901
635 865
636 866
653 877
676 875
677 872
691 851
704 846
717 851
702 902
729 915
754 899
775 894
785 899
780 886
791 870
793 865
781 849
794 836
795 836
800 833
799 823
736 821
752 792
751 788
713 779
705 769
653 798
644 810
641 824
648 837
500 834
2 857
274 608
280 605
343 558
374 546
381 534
390 532
379 518
362 501
362 490
385 490
410 503
440 484
429 478
397 439
370 421
352 425
342 445
330 450
337 475
310 467
294 501
237 533
214 547
202 575
204 585
2 857
768 396
775 395
788 392
800 398
806 403
836 385
822 370
822 365
847 359
864 360
873 378
884 403
905 402
923 386
919 357
906 354
896 319
892 317
885 309
872 318
839 329
796 328
500 500
2 857
718 704
721 692
754 703
757 708
768 689
778 700
784 685
776 660
836 650
837 673
863 673
845 753
831 755
829 776
823 774
806 773
794 714
788 712
789 724
772 743
746 768
722 757
500 834
2 857
52 348
54 278
71 263
67 260
57 217
81 236
108 218
121 219
138 226
130 202
114 189
99 174
112 165
126 154
135 158
164 188
164 219
186 229
168 254
161 275
150 279
124 298
2 857
628 139
624 134
618 113
630 96
639 101
643 138
645 140
665 139
678 127
667 91
671 77
669 65
657 44
655 39
613 37
581 60
581 121
583 127
500 167
2 857
65 804
114 728
116 698
156 683
174 702
202 695
205 696
211 678
201 643
194 631
191 627
220 643
263 655
277 689
280 692
277 697
223 747
225 753
196 752
181 760
177 756
2 857
449 469
463 461
453 440
498 412
505 396
512 403
520 413
530 411
522 405
522 400
529 362
518 361
510 342
510 332
538 337
524 322
514 296
483 315
452 330
440 322
436 346
429 381
330 390
167 500
2 857
175 165
192 177
204 169
215 154
238 143
245 156
260 138
285 153
289 115
307 97
315 92
336 44
365 89
350 131
363 154
361 166
330 143
327 183
294 174
290 179
272 181
271 186
239 180
218 189
220 208
233 210
248 220
167 500
2 857
230 835
335 815
367 807
372 799
374 795
376 810
399 812
423 798
449 781
483 824
485 885
443 869
425 873
415 846
409 840
387 843
390 873
379 894
423 929
416 973
396 950
395 941
359 963
335 941
2 857
721 116
736 125
744 131
756 147
777 163
779 143
801 148
802 150
833 167
838 111
808 103
801 94
784 89
756 89
747 86
741 69
791 71
797 45
833 41
832 12
773 7
734 20
714 65
710 102
694 101
2 857
412 813
431 827
479 831
495 862
502 856
512 860
529 813
545 806
568 771
569 740
559 746
553 756
524 793
520 801
484 801
481 728
500 726
504 708
477 717
460 683
457 678
377 708
367 690
316 688
2 857
627 629
635 620
676 582
660 561
678 560
693 559
718 570
726 581
728 583
709 590
740 619
739 627
765 621
774 620
804 616
741 665
714 685
710 665
712 633
703 627
678 661
651 691
650 683
640 675
500 834
2 857
584 878
597 866
608 852
622 844
614 890
653 904
644 925
643 937
649 933
710 940
726 948
664 966
666 975
645 986
602 984
600 973
634 955
603 933
577 911
534 906
2 857
89 582
94 533
86 528
67 510
29 477
61 465
42 430
74 407
86 411
112 407
115 435
94 483
113 496
123 488
164 485
156 507
146 512
158 537
131 560
133 610
2 857
652 328
647 323
647 246
668 268
681 294
711 288
732 304
736 288
730 272
742 267
754 255
748 248
747 223
776 212
782 216
791 248
790 247
777 242
772 252
785 260
796 265
788 277
790 311
745 362
737 364
693 370
500 500
2 857
57 831
62 828
102 815
133 826
168 803
174 812
285 769
286 733
281 735
206 769
162 788
149 784
132 789
111 776
98 769
95 712
79 750
43 801
33 817
2 857
543 422
547 416
550 408
557 408
564 379
555 364
568 361
574 348
552 315
582 263
592 274
588 289
618 340
640 356
662 394
652 395
637 397
610 429
606 434
616 448
551 459
547 473
524 473
500 500
2 857
60 730
86 692
83 664
131 647
172 627
192 598
166 573
163 577
124 588
122 587
121 520
83 489
14 440
9 452
12 468
11 499
2 545
73 608
76 619
88 626
75 647
56 666
41 665
43 699
21 769
22 787
2 857
625 578
642 549
635 531
682 525
701 529
712 498
692 472
724 472
744 492
739 441
713 447
693 433
679 434
677 455
660 459
650 476
646 481
630 484
628 479
617 486
621 498
628 495
636 512
601 545
500 500
2 857
770 512
778 532
792 533
794 510
813 502
829 489
870 506
881 466
877 451
897 431
829 426
816 435
799 452
788 451
779 445
769 423
739 419
715 397
706 395
500 500
2 857
736 849
806 796
877 720
887 717
888 721
891 741
900 748
926 747
915 772
895 755
833 834
842 847
838 897
808 903
794 896
798 918
792 917
774 925
783 958
813 997
778 994
742 981
710 998
2 857
874 740
909 704
911 708
923 705
951 696
952 677
947 675
920 675
886 684
871 661
849 644
859 627
873 616
884 616
884 613
951 622
951 633
974 643
979 645
991 649
999 602
913 564
904 551
833 500
2 857
803 561
809 556
850 534
876 539
887 534
902 529
948 485
970 492
986 513
977 476
989 451
960 423
986 414
995 412
987 382
973 391
960 395
956 386
939 390
938 393
926 415
902 424
864 465
833 500
795 493
756 539
2 857
321 786
525 768
581 757
610 786
524 887
511 898
490 911
518 915
550 937
563 987
551 998
524 978
487 945
478 956
462 970
455 989
425 990
342 979
328 995
316 970
301 968
296 959
2 857
859 350
892 299
938 307
951 307
944 334
950 346
980 347
997 332
970 319
983 312
980 301
999 268
997 241
988 225
973 212
957 214
951 203
944 218
943 254
944 270
909 254
916 240
895 216
833 167
889 230
880 251
865 278
2 857
46 372
48 367
41 367
45 362
37 331
2 317
0 299
13 286
19 243
20 222
26 218
47 211
90 256
81 292
87 291
124 270
157 295
156 301
146 305
144 312
136 331
84 369
81 368
72 370
81 422
2 857
155 680
166 656
184 633
214 623
258 620
263 570
262 566
272 525
299 507
319 503
340 504
305 495
276 463
233 438
227 435
186 426
207 501
192 525
210 569
192 569
2 857
187 284
192 263
167 167
188 134
182 123
309 29
311 9
281 2
280 13
154 39
44 81
35 70
31 68
37 62
9 25
19 60
22 81
23 117
1 111
0 143
36 160
52 153
49 160
34 189
3 209
5 237
2 239
2 857
599 724
647 753
668 777
686 750
695 732
726 723
737 749
833 834
951 766
982 797
979 779
993 748
938 743
858 581
855 575
842 559
824 571
803 584
793 584
617 639
590 641
575 648
2 857
415 658
418 650
456 639
459 649
476 656
504 648
502 640
527 626
555 631
583 602
585 586
532 586
526 587
483 578
482 575
480 579
470 598
471 610
470 613
450 572
419 592
394 642
373 633
2 857
11 831
238 416
254 413
269 422
294 425
295 427
301 452
300 456
380 514
415 542
471 517
499 491
478 480
493 469
512 482
511 488
534 496
520 508
510 511
526 532
487 552
474 559
429 565
400 574
396 630
364 617
348 606
314 637
300 683
250 676
2 857
612 243
632 229
673 162
698 186
796 106
829 177
824 196
879 198
881 187
872 179
833 167
865 155
911 127
907 171
923 177
981 148
977 120
976 106
962 95
954 103
910 98
970 38
898 25
888 7
847 51
764 43
651 110
652 154
623 197
167 834
2 857
418 120
407 102
443 10
470 10
525 6
508 52
493 88
538 74
565 82
542 145
522 137
500 167
487 121
495 110
482 100
465 114
464 127
445 135
447 171
2 857
597 257
603 247
585 234
570 210
567 187
558 175
500 167
670 18
594 3
576 24
462 5
452 1
415 0
397 20
383 5
357 10
348 6
330 18
376 83
376 144
398 156
382 176
257 337
2 857
33 761
62 737
70 736
167 500
177 425
235 368
243 357
232 344
245 335
280 296
315 98
228 251
209 276
207 280
179 319
174 367
159 382
139 376
126 383
36 394
15 596
7 792
0 825
2 857
1 880
7 891
12 909
5 941
1 975
7 981
99 1000
100 996
54 930
51 901
22 899
2 857
