844
0 500 500
1 174 325
1 49 34
1 543 815
1 42 920
1 545 80
1 681 950
1 664 944
1 61 68
1 609 259
1 116 500
1 482 911
1 708 930
1 93 57
1 642 940
1 487 619
1 511 63
1 330 52
1 529 831
1 586 862
1 503 839
1 713 994
1 28 939
1 9 111
1 203 347
1 31 115
1 414 352
1 521 982
1 121 304
1 600 26
1 506 772
1 624 39
1 205 328
1 218 104
1 22 959
1 657 188
1 72 978
1 434 815
1 487 107
1 22 987
1 599 870
1 201 402
1 726 961
1 51 7
1 35 922
1 182 331
1 577 233
1 672 906
1 485 852
1 543 849
1 574 991
1 120 166
1 592 877
1 422 762
1 26 695
1 52 953
1 673 848
1 66 393
1 165 162
1 824 928
1 462 135
1 520 759
1 25 807
1 483 808
1 600 549
1 196 76
1 420 719
1 348 480
1 531 837
1 157 347
1 273 259
1 526 18
1 373 29
1 39 211
1 398 49
1 451 211
1 693 949
1 518 106
1 451 981
1 629 687
1 731 830
1 599 866
1 202 772
1 217 285
1 102 404
1 481 771
1 601 864
1 123 963
1 467 217
1 62 8
1 532 256
1 57 914
1 640 193
1 502 823
1 197 59
1 4 824
1 110 938
1 439 838
1 543 808
1 51 34
1 94 672
1 55 46
1 420 46
1 666 997
1 186 414
1 398 883
1 103 942
1 482 816
1 62 137
1 11 840
1 37 54
1 537 858
1 745 914
1 183 279
1 703 953
1 762 726
1 485 54
1 64 920
1 74 352
1 560 178
1 283 179
1 496 834
1 660 886
1 589 160
1 650 963
1 565 36
1 241 338
1 446 971
1 638 817
1 193 372
1 752 955
1 511 904
1 411 5
1 780 925
1 536 781
1 53 168
1 495 777
1 42 892
1 488 80
1 793 984
1 201 317
1 531 985
1 181 240
1 530 802
1 576 942
1 654 903
1 634 953
1 612 71
1 334 119
1 155 811
1 35 956
1 593 840
1 588 819
1 771 968
1 273 325
1 561 46
1 113 88
1 23 813
1 49 38
1 162 152
1 611 778
1 297 479
1 627 78
1 559 818
1 79 48
1 711 905
1 612 162
1 509 839
1 153 45
1 301 160
1 693 913
1 527 213
1 144 73
1 347 325
1 95 965
1 29 145
1 268 374
1 674 900
1 418 225
1 532 930
1 501 68
1 24 888
1 310 365
1 572 153
1 546 820
1 683 948
1 561 150
1 571 205
1 513 166
1 523 805
1 193 375
1 553 9
1 131 86
1 154 914
1 528 786
1 104 10
1 672 129
1 908 170
1 654 893
1 514 130
1 547 783
1 33 856
1 563 814
1 117 19
1 459 856
1 467 859
1 494 844
1 106 523
1 89 268
1 726 969
1 155 240
1 137 860
1 497 414
1 294 802
1 85 39
1 649 864
1 168 885
1 658 764
1 52 978
1 521 99
1 529 779
1 317 909
1 32 72
1 704 952
1 197 150
1 307 273
1 602 256
1 680 775
1 169 378
1 111 139
1 578 87
1 258 317
1 657 898
1 438 983
1 179 381
1 510 735
1 586 48
1 663 907
1 189 269
1 210 315
1 82 925
1 503 313
1 541 34
1 369 228
1 44 321
1 415 220
1 83 294
1 297 381
1 646 844
1 241 942
1 25 39
1 67 86
1 771 900
1 500 94
1 69 874
1 176 285
1 140 267
1 267 333
1 561 920
1 490 62
1 48 858
1 521 801
1 181 316
1 179 85
1 17 56
1 142 901
1 95 82
1 411 740
1 533 794
1 474 811
1 325 412
1 626 805
1 480 939
1 158 4
1 777 982
1 7 927
1 611 848
1 115 40
1 185 356
1 585 173
1 300 382
1 21 63
1 707 856
1 45 961
1 165 62
1 8 875
1 435 96
1 72 127
1 68 71
1 590 866
1 607 175
1 732 873
1 678 960
1 105 300
1 488 850
1 524 833
1 179 767
1 688 857
1 559 798
1 556 998
1 626 855
1 474 784
1 599 803
1 639 513
1 348 284
1 535 534
1 552 830
1 565 774
1 193 52
1 556 666
1 509 765
1 41 119
1 118 246
1 170 171
1 79 975
1 131 959
1 139 193
1 630 881
1 14 853
1 553 62
1 65 0
1 822 866
1 342 897
1 669 895
1 204 332
1 24 307
1 163 344
1 493 780
1 687 988
1 723 938
1 133 299
1 838 996
1 747 957
1 685 953
1 124 990
1 565 47
1 34 141
1 69 911
1 77 850
1 173 354
1 237 260
1 689 665
1 624 724
1 564 607
1 221 496
1 585 761
1 72 233
1 238 451
1 451 753
1 10 27
1 539 773
1 104 891
1 240 717
1 540 26
1 48 70
1 58 59
1 78 51
1 76 933
1 429 830
1 304 71
1 702 1000
1 695 79
1 142 327
1 90 319
1 572 857
1 552 866
1 581 134
1 565 898
1 473 856
1 183 84
1 625 834
1 529 922
1 518 746
1 694 842
1 715 979
1 690 911
1 29 16
1 671 971
1 157 358
1 171 949
1 560 81
1 534 40
1 137 848
1 941 947
1 50 965
1 137 291
1 62 100
1 315 146
1 712 752
1 499 688
1 12 29
1 477 720
1 481 82
1 193 265
1 72 4
1 12 890
1 588 910
1 675 981
1 95 872
1 61 941
1 0 670
1 582 798
1 36 58
1 257 667
1 525 819
1 579 919
1 653 935
1 762 807
1 241 306
1 129 408
1 941 800
1 603 95
1 421 948
1 561 653
1 596 837
1 199 342
1 229 317
1 198 350
1 727 827
1 534 892
1 196 105
1 169 341
1 618 853
1 65 415
1 687 953
1 597 972
1 158 345
1 168 332
1 569 28
1 499 805
1 428 894
1 121 992
1 539 750
1 688 899
1 172 491
1 369 479
1 49 891
1 256 770
1 415 937
1 87 86
1 505 783
1 208 462
1 556 917
1 507 272
1 473 946
1 129 174
1 44 120
1 484 88
1 275 224
1 386 351
1 761 965
1 418 252
1 33 233
1 270 216
1 583 939
1 454 75
1 90 999
1 572 51
1 58 291
1 624 849
1 138 271
1 580 870
1 487 213
1 174 502
1 523 792
1 196 806
1 752 26
1 489 858
1 563 88
1 749 944
1 568 369
1 612 959
1 580 142
1 601 848
1 587 132
1 429 931
1 425 906
1 165 918
1 56 867
1 645 972
1 200 307
1 63 913
1 518 183
1 592 757
1 573 812
1 703 818
1 585 121
1 727 924
1 465 800
1 574 904
1 11 954
1 178 743
1 24 106
1 319 914
1 144 326
1 545 810
1 29 49
1 523 798
1 279 346
1 381 237
1 45 58
1 287 764
1 376 828
1 61 589
1 24 440
1 4 968
1 519 601
1 159 419
1 6 15
1 689 943
1 589 806
1 488 64
1 193 365
1 660 952
1 126 365
1 135 1000
1 846 808
1 652 954
1 571 107
1 576 158
1 42 159
1 176 182
1 266 261
1 527 817
1 573 905
1 564 87
1 497 765
1 483 865
1 65 894
1 110 896
1 50 230
1 791 119
1 689 955
1 638 891
1 534 35
1 295 209
1 540 822
1 517 26
1 538 79
1 599 3
1 593 782
1 45 0
1 703 930
1 707 633
1 490 107
1 113 17
1 163 88
1 583 628
1 474 789
1 130 250
1 500 169
1 68 825
1 9 943
1 17 896
1 565 35
1 413 80
1 743 800
1 494 869
1 183 312
1 127 898
1 894 879
1 559 953
1 235 214
1 675 777
1 628 127
1 112 118
1 66 309
1 1 892
1 566 275
1 35 927
1 152 359
1 566 201
1 237 261
1 664 667
1 467 937
1 144 327
1 62 273
1 567 59
1 92 296
1 4 319
1 797 701
1 63 83
1 99 246
1 340 435
1 431 52
1 234 263
1 161 343
1 556 90
1 246 413
1 18 884
1 422 731
1 24 65
1 626 53
1 509 746
1 569 898
1 743 851
1 416 906
1 520 46
1 660 760
1 63 807
1 221 463
1 732 909
1 704 940
1 671 909
1 499 159
1 160 967
1 361 128
1 649 861
1 116 104
1 667 764
1 161 352
1 637 772
1 8 93
1 471 759
1 456 852
1 728 780
1 541 805
1 713 907
1 515 873
1 11 275
1 567 890
1 81 862
1 705 942
1 118 327
1 579 904
1 254 330
1 402 539
1 783 822
1 487 201
1 14 19
1 581 876
1 39 795
1 628 739
1 604 984
1 781 525
1 39 852
1 706 947
1 229 339
1 533 973
1 738 836
1 0 139
1 130 325
1 26 364
1 853 961
1 151 260
1 412 937
1 273 392
1 695 995
1 544 786
1 96 23
1 1 405
1 142 302
1 484 875
1 775 773
1 499 18
1 39 52
1 698 178
1 564 826
1 37 878
1 576 208
1 550 819
1 461 796
1 546 805
1 65 886
1 93 132
1 48 0
1 648 844
1 35 957
1 70 204
1 91 1000
1 741 913
1 659 627
1 529 786
1 197 355
1 643 157
1 151 1
1 297 284
1 7 211
1 635 908
1 533 136
1 548 625
1 556 714
1 715 919
1 102 917
1 491 40
1 452 801
1 165 926
1 659 731
1 460 779
1 963 952
1 694 940
1 823 947
1 462 123
1 53 251
1 481 179
1 506 826
1 531 827
1 258 186
1 722 621
1 537 51
1 655 762
1 565 141
1 188 88
1 655 42
1 124 310
1 573 805
1 44 925
1 381 213
1 65 691
1 82 929
1 540 156
1 219 340
1 638 784
1 742 699
1 611 651
1 522 748
1 236 388
1 605 842
1 28 75
1 671 852
1 555 130
1 637 21
1 255 311
1 486 81
1 577 814
1 630 923
1 147 226
1 560 55
1 168 823
1 145 242
1 547 796
1 506 74
1 581 763
1 840 991
1 553 816
1 114 0
1 902 947
1 680 942
1 94 13
1 183 310
1 16 909
1 745 841
1 601 802
1 307 361
1 174 323
1 480 80
1 792 924
1 144 43
1 575 751
1 642 135
1 568 107
1 251 48
1 509 90
1 574 870
1 750 919
1 86 444
1 780 938
1 564 172
1 599 791
1 594 200
1 222 478
1 102 646
1 278 137
1 543 833
1 316 283
1 40 828
1 676 214
1 119 4
1 38 79
1 236 811
1 487 724
1 546 814
1 607 95
1 300 72
1 63 228
1 46 24
1 145 435
1 733 741
1 692 956
1 748 914
1 107 344
1 565 104
1 99 888
1 570 963
1 207 354
1 111 873
1 794 926
1 542 797
1 692 925
1 601 845
1 726 947
1 36 904
1 0 507
1 577 986
1 529 574
1 545 845
1 525 912
1 795 692
1 663 944
1 82 952
1 521 709
1 589 192
1 506 93
1 126 419
1 31 881
1 525 897
1 518 786
1 525 786
1 649 937
1 579 74
1 794 915
1 402 111
1 433 838
1 261 258
1 248 400
1 51 910
1 96 62
1 635 837
1 666 855
2 97 100
2 97 300
2 97 500
2 97 700
2 97 900
2 289 100
2 289 300
2 289 500
2 289 700
2 289 900
2 482 100
2 482 300
2 482 500
2 482 700
2 482 900
2 675 100
2 675 300
2 675 500
2 675 700
2 675 900
2 867 100
2 867 300
2 867 500
2 867 700
2 867 900
1095
500 500
51 910
42 920
57 914
63 913
97 900
500 500
611 848
599 866
590 866
580 870
586 862
500 500
181 240
155 240
147 226
145 242
130 250
482 500
500 500
340 435
238 451
297 479
348 480
500 500
118 246
99 246
72 233
63 228
92 296
97 300
500 500
174 502
106 523
116 500
172 491
500 500
639 513
781 525
722 621
707 633
535 534
500 500
142 901
127 898
110 896
104 891
289 700
500 500
39 795
25 807
23 813
40 828
289 700
500 500
728 780
743 800
762 807
738 836
680 775
500 500
9 943
11 954
4 968
22 959
97 900
500 500
612 959
604 984
597 972
583 939
482 700
500 500
543 808
543 815
546 814
545 810
546 805
500 500
310 365
307 361
279 346
297 381
300 382
500 500
434 815
452 801
465 800
461 796
460 779
500 500
53 168
42 159
31 115
41 119
44 120
97 100
500 500
539 750
522 748
518 746
500 500
749 944
752 955
761 965
747 957
675 900
500 500
548 625
583 628
564 607
500 500
488 64
485 54
490 62
501 68
500 500
267 333
258 317
273 325
500 500
511 904
529 922
525 912
525 897
534 892
500 500
90 999
72 978
79 975
95 965
97 900
500 500
124 310
105 300
121 304
133 299
142 302
500 500
499 805
482 816
474 811
483 808
500 500
24 65
21 63
17 56
29 49
97 100
500 500
110 938
103 942
82 929
82 925
102 917
97 900
500 500
560 55
561 46
565 47
567 59
500 500
556 90
560 81
564 87
563 88
500 500
663 907
671 909
672 906
674 900
669 895
500 500
72 127
62 100
63 83
67 86
87 86
97 100
500 500
517 26
526 18
499 18
491 40
482 300
500 500
12 890
17 896
16 909
7 927
28 939
97 900
500 500
248 400
268 374
273 392
325 412
500 500
544 786
547 796
541 805
542 797
500 500
422 731
411 740
422 762
451 753
500 500
556 998
531 985
521 982
533 973
482 700
500 500
24 888
18 884
1 892
8 875
14 853
97 700
500 500
236 811
137 860
111 873
168 823
289 700
500 500
429 931
421 948
415 937
412 937
398 883
500 500
462 135
462 123
487 107
490 107
500 500
592 757
585 761
581 763
575 751
556 714
500 500
582 798
577 814
573 812
573 805
500 500
640 193
643 157
657 188
676 214
500 500
36 58
37 54
39 52
45 58
97 100
500 500
599 791
601 802
599 803
593 782
500 500
525 786
523 792
528 786
529 786
500 500
471 759
474 784
474 789
493 780
495 777
500 500
171 949
160 967
165 926
165 918
289 700
500 500
513 166
499 159
500 169
481 179
500 500
229 339
229 317
241 306
255 311
500 500
275 224
270 216
258 186
283 179
500 500
174 325
174 323
181 316
183 312
183 310
500 500
334 119
315 146
278 137
301 160
500 500
527 817
531 827
525 819
523 805
500 500
62 137
34 141
29 145
0 139
97 300
500 500
197 59
193 52
196 76
218 104
289 300
500 500
732 909
727 924
723 938
715 919
675 900
500 500
176 182
170 171
165 162
162 152
197 150
482 300
500 500
703 930
704 940
705 942
693 949
689 943
675 900
500 500
578 87
579 74
586 48
572 51
482 300
500 500
588 910
579 904
574 904
573 905
565 898
500 500
908 170
791 119
752 26
695 79
675 100
672 129
698 178
500 500
287 764
294 802
256 770
178 743
240 717
500 500
520 46
511 63
506 74
509 90
500 500
163 344
161 343
158 345
157 347
500 500
555 130
565 104
568 107
571 107
581 134
500 500
795 692
797 701
762 726
742 699
500 500
210 315
201 317
205 328
204 332
199 342
219 340
500 500
592 877
599 870
601 864
601 848
500 500
418 252
418 225
415 220
451 211
467 217
500 500
536 781
547 783
559 798
565 774
500 500
588 819
593 840
596 837
589 806
500 500
664 667
629 687
611 651
556 666
561 653
500 500
681 950
685 953
687 953
683 948
680 942
675 900
500 500
780 925
780 938
792 924
794 915
675 700
500 500
733 741
712 752
660 760
500 500
51 34
49 34
49 38
55 46
58 59
97 100
500 500
126 365
107 344
118 327
130 325
500 500
207 354
203 347
198 350
197 355
500 500
116 104
112 118
93 132
111 139
289 300
500 500
477 720
487 724
499 688
500 500
726 947
726 961
726 969
704 952
706 947
675 900
500 500
637 772
638 784
658 764
655 762
500 500
386 351
316 283
348 284
414 352
500 500
193 265
189 269
183 279
176 285
500 500
69 911
64 920
44 925
76 933
97 900
500 500
745 914
748 914
750 919
741 913
675 900
500 500
115 40
85 39
79 48
78 51
93 57
97 100
500 500
518 786
523 798
521 801
530 802
533 794
500 500
627 78
626 53
624 39
637 21
655 42
675 100
500 500
86 444
65 415
66 393
102 404
500 500
52 978
22 987
35 957
35 956
97 900
500 500
771 900
794 926
823 947
824 928
675 700
500 500
529 574
519 601
487 619
402 539
369 479
500 500
561 150
565 141
572 153
576 158
500 500
144 326
137 291
138 271
140 267
500 500
646 844
648 844
649 861
649 864
666 855
500 500
62 8
51 7
48 0
45 0
29 16
97 100
500 500
553 62
541 34
534 40
537 51
482 300
500 500
117 19
113 17
104 10
114 0
119 4
289 100
500 500
711 905
713 907
693 913
690 911
688 899
675 900
500 500
179 767
155 811
196 806
202 772
289 700
500 500
497 414
503 313
507 272
532 256
500 500
659 731
689 665
659 627
600 549
500 500
416 906
425 906
428 894
500 500
540 156
533 136
518 106
514 130
500 500
95 872
81 862
69 874
99 888
137 848
289 700
500 500
70 204
39 211
7 211
33 233
53 251
97 300
500 500
731 830
745 841
743 851
732 873
500 500
565 36
565 35
569 28
540 26
534 35
482 300
500 500
607 175
612 162
607 95
628 127
642 135
500 500
48 858
39 852
33 856
37 878
65 886
97 900
500 500
413 80
398 49
420 46
431 52
454 75
482 300
500 500
347 325
307 273
295 209
273 259
266 261
297 284
500 500
524 833
529 831
531 837
543 833
500 500
182 331
168 332
169 341
161 352
500 500
196 105
188 88
183 84
179 85
163 88
289 300
500 500
571 205
585 173
564 172
560 178
566 201
500 500
572 857
552 866
537 858
543 849
500 500
131 86
113 88
96 62
95 82
289 300
500 500
635 908
642 940
630 923
500 500
261 258
237 260
237 261
234 263
500 500
131 959
123 963
154 914
168 885
289 700
500 500
687 988
695 995
702 1000
713 994
715 979
675 900
500 500
570 963
577 986
574 991
559 953
532 930
482 700
500 500
689 955
692 956
703 953
694 940
675 900
500 500
539 773
529 779
505 783
506 772
520 759
500 500
566 275
602 256
609 259
568 369
500 500
625 834
624 849
626 855
635 837
500 500
25 39
12 29
10 27
6 15
14 19
97 100
500 500
241 338
200 307
151 260
217 285
254 330
500 500
783 822
867 900
902 947
941 947
963 952
941 800
500 500
467 937
473 946
480 939
482 911
500 500
649 937
660 952
663 944
653 935
675 900
500 500
221 496
222 478
208 462
221 463
500 500
246 413
186 414
201 402
236 388
500 500
381 213
369 228
381 237
500 500
694 842
688 857
707 856
727 827
703 818
500 500
145 435
126 419
129 408
159 419
500 500
330 52
304 71
300 72
251 48
289 100
500 500
671 971
666 997
675 981
678 960
675 900
500 500
600 26
599 3
553 9
545 80
482 300
500 500
483 865
484 875
451 981
438 983
446 971
482 700
500 500
634 953
645 972
650 963
652 954
664 944
675 900
500 500
91 1000
121 992
124 990
135 1000
289 900
500 500
193 372
193 375
179 381
185 356
193 365
500 500
96 23
94 13
72 4
65 0
46 24
97 100
500 500
173 354
144 327
142 327
152 359
157 358
500 500
42 892
36 904
35 922
97 900
500 500
165 62
153 45
144 43
144 73
289 300
500 500
456 852
459 856
467 859
473 856
500 500
24 106
9 111
8 93
28 75
32 72
97 100
500 500
90 319
83 294
89 268
139 193
289 300
500 500
342 897
317 909
319 914
241 942
289 900
500 500
601 845
618 853
605 842
500 500
624 724
628 739
638 817
626 805
611 778
500 500
521 709
509 765
509 746
510 735
500 500
102 646
0 670
26 695
65 691
97 700
500 500
56 867
31 881
49 891
65 894
97 900
500 500
38 79
48 70
61 68
68 71
97 100
500 500
580 142
587 132
585 121
603 95
589 160
500 500
488 80
486 81
480 80
481 82
484 88
500 500
521 99
538 79
506 93
500 94
435 96
482 300
500 500
169 378
74 352
44 321
66 309
97 300
500 500
630 881
660 886
671 852
673 848
500 500
50 965
45 961
52 953
61 941
97 900
500 500
361 128
373 29
411 5
402 111
482 300
500 500
68 825
77 850
35 927
82 952
97 900
500 500
488 850
489 858
485 852
500 500
503 839
515 873
494 869
494 844
496 834
500 500
502 823
506 826
509 839
540 822
546 820
500 500
439 838
433 838
429 830
376 828
500 500
574 870
581 876
569 898
567 890
500 500
638 891
654 903
657 898
654 893
500 500
235 214
129 174
120 166
50 230
62 273
97 300
500 500
94 672
97 700
4 824
11 840
63 807
500 500
563 814
559 818
552 830
550 819
553 816
500 500
853 961
840 991
838 996
793 984
675 900
500 500
775 773
846 808
894 879
822 866
675 700
500 500
26 364
1 405
24 440
0 507
61 589
97 500
500 500
556 917
561 920
576 942
579 919
500 500
527 213
518 183
487 201
487 213
500 500
24 307
4 319
11 275
58 291
97 300
500 500
564 826
545 845
481 771
497 765
500 500
667 764
675 777
692 925
675 900
500 500
771 968
777 982
708 930
675 900
420 719
500 500
577 233
594 200
589 192
576 208
500 500
257 667
97 100
151 1
158 4
612 71
482 300
500 500
