386
0 500 500
1 740 442
1 261 710
1 578 522
1 562 509
1 795 425
1 636 463
1 645 617
1 595 524
1 649 599
1 745 252
1 180 757
1 590 598
1 332 775
1 544 551
1 1000 444
1 581 521
1 240 609
1 700 468
1 735 579
1 403 569
1 352 905
1 733 352
1 289 705
1 598 249
1 565 570
1 711 336
1 816 497
1 769 411
1 409 651
1 231 742
1 575 555
1 567 477
1 693 537
1 521 534
1 457 414
1 826 450
1 638 617
1 245 744
1 235 859
1 233 821
1 863 455
1 739 480
1 311 717
1 567 373
1 753 427
1 547 493
1 732 382
1 664 511
1 945 316
1 250 770
1 598 493
1 262 653
1 568 558
1 877 808
1 395 796
1 467 732
1 685 327
1 260 910
1 571 648
1 747 398
1 571 650
1 541 442
1 841 466
1 744 725
1 662 349
1 686 543
1 184 776
1 177 770
1 664 559
1 802 446
1 110 559
1 662 566
1 605 544
1 287 671
1 556 738
1 615 511
1 293 693
1 375 671
1 383 614
1 834 417
1 704 397
1 255 696
1 708 388
1 799 172
1 298 531
1 740 456
1 661 582
1 664 398
1 659 461
1 630 290
1 267 721
1 682 474
1 269 639
1 577 361
1 540 550
1 370 733
1 546 587
1 708 412
1 724 572
1 416 688
1 544 794
1 714 478
1 916 502
1 313 770
1 464 361
1 356 921
1 776 470
1 477 721
1 733 447
1 724 495
1 272 792
1 491 471
1 348 505
1 168 309
1 595 628
1 227 720
1 781 585
1 228 680
1 807 595
1 582 503
1 327 603
1 505 586
1 235 788
1 135 677
1 716 440
1 221 678
1 633 421
1 826 476
1 879 350
1 738 475
1 676 446
1 388 669
1 465 690
1 543 422
1 675 544
1 770 613
1 309 590
1 434 594
1 647 551
1 468 405
1 0 863
1 663 582
1 209 755
1 966 516
1 580 593
1 221 558
1 230 594
1 329 768
1 786 523
1 636 512
1 704 474
1 819 376
1 516 472
1 724 505
1 565 501
1 404 589
1 663 527
1 901 693
1 254 640
1 726 813
1 253 708
1 269 730
1 823 519
1 586 689
1 739 421
1 706 519
1 726 423
1 614 525
1 239 690
1 643 328
1 793 426
1 221 731
1 290 732
1 709 310
1 654 492
1 745 370
1 459 639
1 618 570
1 613 528
1 808 359
1 652 434
1 258 637
1 722 421
1 837 321
1 68 544
1 191 686
1 535 578
1 242 624
1 371 387
1 835 757
1 671 445
1 764 425
1 771 480
1 242 763
1 670 520
1 580 482
1 292 823
1 547 443
1 807 780
1 520 622
1 797 356
1 555 484
1 747 340
1 228 846
1 760 446
1 734 451
1 604 277
1 790 405
1 680 445
1 741 460
1 244 758
1 632 536
1 600 503
1 562 518
1 672 398
1 620 425
1 852 489
1 577 553
1 235 755
1 879 359
1 187 725
1 724 328
1 775 451
1 283 660
1 195 572
1 830 457
1 205 739
1 733 341
1 884 418
1 434 452
1 716 458
1 495 573
1 579 545
1 228 725
1 604 417
1 806 347
1 420 730
1 626 499
1 555 449
1 326 598
1 551 554
1 177 983
1 794 430
1 771 573
1 135 683
1 487 291
1 239 703
1 789 477
1 273 752
1 521 478
1 677 456
1 505 327
1 453 744
1 321 753
1 509 497
1 749 451
1 633 815
1 796 429
1 341 677
1 797 485
1 571 649
1 276 631
1 857 439
1 587 776
1 750 412
1 752 393
1 338 657
1 206 651
1 170 716
1 831 441
1 104 694
1 809 569
1 591 407
1 605 549
1 201 625
1 300 676
1 548 478
1 637 450
1 706 463
1 788 583
1 611 574
1 176 761
1 404 508
1 798 573
1 614 415
1 257 707
1 780 394
1 729 472
1 547 462
1 379 817
1 539 556
1 498 909
1 275 706
1 726 426
1 269 637
1 780 439
1 724 478
1 832 405
1 229 700
1 223 692
1 512 428
1 623 445
1 763 481
1 817 463
1 755 418
1 655 522
1 720 471
1 286 645
1 320 745
1 111 606
1 289 737
1 636 260
1 184 680
1 679 590
1 256 618
1 200 671
1 264 677
1 326 681
1 102 640
1 229 729
1 553 266
1 519 526
1 692 552
1 709 509
1 547 655
1 794 421
1 189 728
1 565 676
1 326 462
1 687 334
1 298 705
1 582 478
1 737 579
1 458 895
1 663 391
1 394 639
1 352 782
1 621 303
1 268 629
1 440 831
1 748 593
1 400 547
1 268 721
1 226 646
1 578 616
1 648 377
1 446 574
1 502 571
1 574 593
1 459 466
2 72 254
2 72 416
2 72 578
2 72 740
2 72 902
2 215 254
2 215 416
2 215 578
2 215 740
2 215 902
2 358 254
2 358 416
2 358 578
2 358 740
2 358 902
2 500 254
2 500 416
2 500 578
2 500 740
2 500 902
2 643 254
2 643 416
2 643 578
2 643 740
2 643 902
2 786 254
2 786 416
2 786 578
2 786 740
2 786 902
2 929 254
2 929 416
2 929 578
2 929 740
2 929 902
417
500 500
578 616
595 628
571 648
571 649
571 650
586 689
565 676
547 655
520 622
500 500
256 618
242 624
226 646
206 651
201 625
215 416
168 309
371 387
500 500
780 394
790 405
819 376
808 359
806 347
797 356
747 340
643 416
500 500
547 462
555 449
547 443
541 442
543 422
512 428
500 500
567 373
577 361
598 249
553 266
487 291
505 327
464 361
468 405
500 500
623 445
633 421
620 425
614 415
604 417
591 407
500 500
329 768
332 775
313 770
272 792
292 823
235 859
228 846
233 821
235 788
250 770
215 740
500 500
611 574
618 570
661 582
663 582
679 590
649 599
645 617
638 617
590 598
580 593
574 593
500 500
700 468
706 463
716 458
741 460
740 456
749 451
734 451
733 447
726 426
726 423
722 421
716 440
500 500
648 377
662 349
687 334
685 327
643 328
621 303
630 290
636 260
604 277
500 416
500 500
276 631
268 629
269 637
269 639
258 637
254 640
262 653
264 677
283 660
286 645
500 500
228 680
223 692
187 725
191 686
184 680
200 671
221 678
358 578
500 500
605 544
605 549
632 536
647 551
655 522
636 512
614 525
613 528
500 500
519 526
540 550
544 551
551 554
535 578
539 556
521 534
500 500
724 495
739 480
738 475
729 472
724 478
720 471
714 478
704 474
500 500
771 573
786 578
798 573
809 569
788 583
781 585
770 613
748 593
500 500
852 489
916 502
966 516
1000 444
929 416
945 316
879 350
879 359
884 418
863 455
857 439
834 417
786 416
500 500
704 397
708 388
732 382
733 352
733 341
724 328
709 310
711 336
500 500
477 721
467 732
500 740
544 794
633 815
587 776
556 738
500 500
300 676
293 693
275 706
289 705
298 705
326 681
341 677
500 500
582 503
598 493
600 503
615 511
595 524
581 521
578 522
562 518
500 500
495 573
505 586
546 587
565 570
568 558
575 555
577 553
579 545
500 500
776 470
797 485
817 463
826 476
841 466
830 457
826 450
831 441
802 446
786 416
500 500
189 728
180 757
176 761
177 770
184 776
209 755
205 739
215 740
500 500
755 418
764 425
769 411
794 421
795 425
793 426
796 429
794 430
780 439
775 451
500 500
400 547
230 594
195 572
221 558
298 531
348 505
404 508
500 500
636 463
659 461
677 456
680 445
676 446
671 445
652 434
637 450
500 500
672 398
708 412
747 398
752 393
750 412
739 421
740 442
500 500
502 571
500 578
459 639
465 690
453 744
420 730
370 733
375 671
388 669
416 688
409 651
394 639
434 594
500 500
662 566
664 559
675 544
686 543
693 537
663 527
670 520
664 511
500 500
311 717
268 721
290 732
289 737
321 753
320 745
358 740
500 500
491 471
516 472
521 478
547 493
509 497
500 500
269 730
267 721
261 710
257 707
253 708
239 703
229 700
239 690
358 578
500 500
309 590
240 609
135 677
135 683
104 694
102 640
111 606
72 578
68 544
110 559
326 462
500 500
273 752
352 782
395 796
379 817
352 905
358 902
458 895
440 831
500 500
245 744
244 758
242 763
235 755
231 742
221 731
229 729
228 725
255 696
358 578
500 500
724 505
786 523
823 519
816 497
789 477
771 480
763 481
760 446
753 427
643 416
500 500
626 499
654 492
682 474
709 509
706 519
737 579
735 579
724 572
692 552
500 500
582 478
664 398
663 391
745 370
832 405
837 321
786 254
799 172
745 252
500 500
403 569
326 598
327 603
383 614
404 589
446 574
500 500
498 909
356 921
358 902
260 910
177 983
0 863
72 740
170 716
227 720
287 671
338 657
500 500
562 509
565 501
580 482
567 477
555 484
548 478
457 414
500 500
744 725
786 740
726 813
807 780
835 757
877 808
901 693
807 595
786 578
434 452
459 466
500 500
