925
0 0 0
1 471 44
1 63 475
1 766 504
1 895 595
1 816 377
1 462 590
1 997 596
1 775 993
1 16 97
1 839 348
1 558 896
1 423 912
1 169 411
1 75 602
1 402 52
1 388 208
1 202 39
1 510 841
1 555 484
1 920 633
1 369 718
1 432 696
1 624 872
1 472 323
1 753 701
1 584 440
1 292 665
1 202 310
1 764 255
1 662 486
1 822 575
1 469 13
1 640 165
1 814 886
1 554 82
1 336 745
1 950 229
1 142 835
1 407 932
1 69 205
1 86 764
1 202 165
1 376 632
1 639 987
1 775 98
1 503 855
1 38 960
1 215 73
1 566 78
1 4 517
1 44 457
1 676 337
1 338 568
1 623 911
1 626 931
1 97 43
1 799 942
1 725 430
1 93 953
1 264 347
1 986 595
1 631 614
1 331 362
1 158 793
1 760 436
1 115 641
1 307 764
1 469 817
1 315 388
1 906 830
1 564 25
1 88 246
1 671 892
1 181 139
1 723 784
1 609 798
1 174 403
1 76 671
1 984 939
1 830 579
1 3 893
1 176 164
1 625 158
1 249 590
1 663 347
1 21 500
1 501 372
1 572 218
1 483 270
1 604 201
1 548 281
1 205 745
1 125 178
1 870 931
1 276 846
1 759 839
1 79 105
1 218 992
1 277 797
1 545 62
1 161 102
1 1 827
1 719 128
1 80 366
1 16 732
1 24 521
1 848 600
1 585 594
1 618 577
1 44 300
1 489 239
1 479 978
1 768 731
1 274 30
1 546 837
1 890 640
1 594 308
1 878 716
1 498 448
1 145 96
1 54 935
1 473 5
1 906 899
1 277 752
1 435 254
1 630 686
1 905 275
1 521 401
1 850 425
1 374 186
1 712 433
1 814 730
1 740 622
1 681 74
1 120 490
1 297 816
1 376 534
1 982 560
1 1 332
1 815 625
1 356 868
1 659 994
1 804 110
1 415 517
1 106 844
1 549 366
1 57 742
1 848 739
1 381 700
1 442 808
1 867 408
1 67 930
1 763 186
1 581 91
1 416 56
1 729 620
1 163 73
1 160 129
1 468 902
1 694 730
1 319 644
1 831 476
1 863 921
1 524 71
1 299 197
1 193 823
1 18 360
1 987 845
1 998 548
1 302 506
1 432 229
1 550 142
1 637 527
1 168 0
1 178 804
1 888 448
1 270 481
1 250 421
1 410 125
1 373 134
1 275 772
1 965 25
1 858 502
1 587 967
1 860 275
1 178 710
1 331 4
1 811 598
1 560 886
1 712 512
1 216 974
1 528 75
1 740 12
1 840 109
1 980 512
1 928 334
1 90 78
1 788 322
1 665 990
1 400 702
1 131 24
1 238 610
1 392 541
1 40 394
1 713 806
1 823 571
1 863 568
1 145 20
1 509 893
1 629 447
1 854 236
1 717 78
1 525 774
1 695 620
1 721 979
1 957 457
1 594 451
1 514 110
1 899 994
1 772 937
1 877 942
1 533 82
1 399 742
1 273 688
1 360 780
1 650 339
1 312 455
1 272 771
1 362 515
1 716 823
1 307 627
1 787 639
1 28 212
1 38 119
1 130 518
1 535 632
1 832 952
1 874 955
1 106 653
1 440 485
1 73 329
1 934 692
1 638 325
1 126 820
1 382 958
1 884 840
1 706 90
1 424 652
1 216 964
1 841 543
1 370 271
1 863 886
1 361 490
1 875 91
1 266 457
1 179 817
1 430 197
1 512 412
1 111 1
1 811 631
1 366 758
1 227 575
1 197 524
1 398 905
1 939 361
1 953 287
1 897 410
1 285 104
1 245 215
1 569 401
1 159 310
1 20 90
1 212 39
1 415 407
1 13 641
1 855 610
1 95 571
1 780 936
1 63 84
1 240 801
1 977 62
1 405 258
1 995 89
1 334 695
1 265 783
1 988 790
1 68 368
1 497 712
1 201 513
1 676 581
1 625 400
1 791 162
1 351 55
1 572 827
1 584 930
1 482 749
1 110 723
1 230 362
1 942 467
1 540 63
1 202 848
1 161 162
1 272 788
1 137 87
1 177 274
1 324 842
1 229 434
1 149 697
1 916 866
1 634 157
1 42 213
1 655 154
1 123 1000
1 460 506
1 21 698
1 435 615
1 838 67
1 120 425
1 54 726
1 475 624
1 923 980
1 391 94
1 105 901
1 463 618
1 568 659
1 999 831
1 719 93
1 290 423
1 796 547
1 123 595
1 515 939
1 550 757
1 954 98
1 898 486
1 695 337
1 40 727
1 217 284
1 910 245
1 536 956
1 262 332
1 91 91
1 697 755
1 894 726
1 919 962
1 909 22
1 253 535
1 703 346
1 416 895
1 330 596
1 524 250
1 475 780
1 365 803
1 844 845
1 909 202
1 802 755
1 77 246
1 266 819
1 759 835
1 850 267
1 71 176
1 244 82
1 881 234
1 867 75
1 564 436
1 749 216
1 30 624
1 677 208
1 980 257
1 582 317
1 421 870
1 183 454
1 442 766
1 875 497
1 217 979
1 867 873
1 280 473
1 582 382
1 35 597
1 287 284
1 527 786
1 991 617
1 448 513
1 581 780
1 415 498
1 215 359
1 478 154
1 964 211
1 886 296
1 696 784
1 102 90
1 227 699
1 76 258
1 705 580
1 752 531
1 246 128
1 834 350
1 838 453
1 809 825
1 468 650
1 204 930
1 523 626
1 110 964
1 422 180
1 940 246
1 513 333
1 446 78
1 212 903
1 992 939
1 392 329
1 58 941
1 24 763
1 17 536
1 70 381
1 142 464
1 621 976
1 878 960
1 286 774
1 349 202
1 841 520
1 134 20
1 107 804
1 278 847
1 103 639
1 555 920
1 427 289
1 987 735
1 905 345
1 608 750
1 471 58
1 482 339
1 319 913
1 966 994
1 288 458
1 225 777
1 501 384
1 3 25
1 259 851
1 632 304
1 180 66
1 300 608
1 591 113
1 569 817
1 165 31
1 137 397
1 820 139
1 858 354
1 846 618
1 0 438
1 308 337
1 772 594
1 684 931
1 76 667
1 750 130
1 538 354
1 725 339
1 758 410
1 664 460
1 837 95
1 90 978
1 137 885
1 898 281
1 301 417
1 480 247
1 441 215
1 749 43
1 119 871
1 77 906
1 30 919
1 481 281
1 680 2
1 262 513
1 892 100
1 291 346
1 297 568
1 248 393
1 41 933
1 904 115
1 32 959
1 535 246
1 383 373
1 790 155
1 351 192
1 974 278
1 853 66
1 402 223
1 946 112
1 282 298
1 125 815
1 542 231
1 414 364
1 126 877
1 867 55
1 356 901
1 432 398
1 943 107
1 50 932
1 152 996
1 456 587
1 249 311
1 993 242
1 499 264
1 801 81
1 740 343
1 947 194
1 413 424
1 885 23
1 22 856
1 120 843
1 878 250
1 285 767
1 62 901
1 923 284
1 967 327
1 647 167
1 284 481
1 474 146
1 879 57
1 69 955
1 226 446
1 681 214
1 10 764
1 303 406
1 306 364
1 443 329
1 256 544
1 164 890
1 902 315
1 99 834
1 246 156
1 244 466
1 744 203
1 795 267
1 484 108
1 152 734
1 182 883
1 862 64
1 403 167
1 80 925
1 918 400
1 888 170
1 122 356
1 970 207
1 838 63
1 772 29
1 481 228
1 132 920
1 159 405
1 73 851
1 142 807
1 631 386
1 927 39
1 220 898
1 374 989
1 269 417
1 568 286
1 289 426
1 936 279
1 869 414
1 197 686
1 187 768
1 369 80
1 166 764
1 908 249
1 224 440
1 337 486
1 220 794
1 74 791
1 53 1000
1 787 73
1 787 362
1 750 177
1 254 284
1 547 281
1 172 865
1 24 961
1 277 387
1 887 262
1 687 320
1 156 826
1 310 852
1 239 787
1 63 961
1 414 304
1 385 451
1 297 604
1 122 849
1 500 280
1 308 485
1 216 326
1 788 310
1 120 859
1 952 262
1 50 951
1 51 885
1 521 285
1 566 179
1 51 802
1 234 720
1 297 461
1 102 907
1 602 414
1 568 274
1 977 339
1 363 614
1 192 888
1 262 418
1 877 28
1 266 562
1 283 404
1 21 904
1 978 188
1 464 235
1 125 935
1 436 737
1 85 979
1 827 264
1 127 983
1 498 199
1 883 290
1 553 441
1 135 897
1 118 745
1 782 44
1 863 44
1 399 329
1 494 238
1 348 368
1 871 87
1 281 341
1 437 236
1 231 337
1 479 274
1 589 30
1 486 301
1 367 425
1 261 354
1 890 143
1 494 186
1 417 390
1 169 825
1 294 291
1 934 247
1 199 952
1 491 210
1 547 203
1 266 398
1 879 167
1 810 114
1 165 950
1 366 344
1 138 699
1 121 678
1 458 199
1 265 932
1 150 301
1 306 272
1 141 910
1 520 532
1 48 853
1 941 342
1 185 796
1 184 339
1 961 294
1 925 179
1 113 864
1 254 377
1 785 101
1 944 220
1 392 85
1 223 275
1 72 966
1 451 269
1 272 419
1 213 987
1 542 240
1 435 278
1 590 292
1 816 399
1 10 893
1 912 350
1 932 281
1 431 819
1 102 918
1 915 417
1 248 506
1 507 957
1 610 313
1 104 710
1 445 305
1 899 164
1 91 921
1 968 286
1 530 28
1 772 457
1 520 202
1 821 71
1 408 363
1 568 311
1 420 267
1 331 433
1 897 47
1 721 109
1 783 26
1 843 135
1 649 30
1 792 295
1 817 187
1 310 398
1 108 980
1 113 943
1 627 268
1 843 9
1 827 183
1 469 247
1 293 476
1 48 802
1 299 571
1 177 983
1 247 818
1 485 205
1 926 105
1 198 537
1 193 518
1 941 160
1 319 377
1 212 832
1 263 293
1 506 64
1 124 894
1 277 359
1 325 320
1 720 133
1 82 861
1 100 923
1 585 222
1 496 113
1 820 51
1 131 436
1 280 364
1 175 812
1 921 343
1 678 290
1 960 590
1 927 210
1 106 895
1 287 535
1 494 399
1 418 389
1 563 224
1 414 374
1 227 316
1 234 332
1 858 251
1 345 175
1 129 946
1 908 99
1 401 449
1 125 846
1 226 934
1 915 307
1 420 185
1 153 899
1 99 895
1 858 255
1 904 280
1 836 295
1 954 91
1 307 462
1 63 942
1 234 500
1 990 351
1 64 844
1 16 979
1 746 95
1 110 822
1 874 368
1 282 437
1 735 65
1 343 882
1 273 905
1 16 952
1 698 290
1 797 162
1 836 112
1 519 268
1 171 891
1 392 244
1 889 215
1 822 706
1 567 222
1 569 663
1 254 984
1 939 225
1 953 324
1 202 931
1 882 219
1 252 380
1 64 517
1 875 542
1 786 222
1 908 103
1 915 177
1 321 438
1 908 150
1 205 294
1 408 460
1 189 798
1 93 968
1 889 238
1 296 871
1 467 189
1 497 523
1 329 391
1 80 869
1 868 149
1 548 355
1 630 125
1 322 213
1 874 134
1 897 281
1 154 894
1 41 883
1 474 446
1 221 764
1 917 309
1 390 957
1 435 336
1 862 457
1 144 827
1 131 239
1 396 258
1 143 938
1 817 68
1 868 115
1 155 951
1 861 244
1 484 279
1 252 836
1 413 905
1 141 914
1 124 934
1 121 908
1 520 191
1 223 490
1 775 116
1 932 226
1 807 379
1 254 997
1 332 319
1 808 87
1 956 173
1 973 410
1 549 147
1 517 226
1 151 969
1 284 419
1 851 84
1 383 311
1 456 720
1 816 63
1 336 428
1 305 293
1 944 359
1 185 820
1 18 846
1 861 274
1 50 970
1 869 277
1 872 242
1 370 207
1 46 964
1 541 303
1 442 386
1 835 160
1 206 314
1 361 437
1 877 322
1 504 198
1 533 279
1 307 397
1 205 953
1 78 882
1 390 508
1 150 966
1 983 411
1 561 527
1 709 161
1 71 969
1 47 963
1 786 186
1 960 209
1 698 347
1 923 254
1 999 380
1 408 243
1 360 419
1 71 883
1 677 170
1 510 245
1 973 291
1 39 922
1 156 902
1 37 1000
1 966 301
1 344 450
1 112 334
1 133 830
1 107 466
1 798 121
1 224 769
1 503 237
1 294 796
1 521 264
1 113 820
1 996 220
2 167 167
2 167 500
2 167 834
2 500 167
2 500 500
2 500 834
2 833 167
2 833 500
2 833 834
1274
0 0
142 464
130 518
120 490
107 466
0 0
16 952
24 961
32 959
38 960
167 500
0 0
999 380
983 411
973 410
957 457
833 500
0 0
869 277
897 281
898 281
883 290
500 167
0 0
830 579
848 600
855 610
846 618
500 500
0 0
226 934
254 984
265 932
273 905
167 500
0 0
569 401
582 382
549 366
0 0
827 264
795 267
764 255
167 167
0 0
63 961
71 969
72 966
69 955
167 500
0 0
175 812
179 817
185 820
193 823
167 834
0 0
558 896
584 930
587 967
555 920
500 834
0 0
831 476
862 457
838 453
500 167
0 0
503 237
524 250
510 245
494 238
0 0
468 902
423 912
416 895
167 500
0 0
868 115
874 134
890 143
868 149
833 167
0 0
908 150
915 177
899 164
888 170
833 167
0 0
684 931
721 979
626 931
500 834
0 0
753 701
814 730
802 755
723 784
694 730
500 500
0 0
638 325
676 337
663 347
650 339
0 0
48 802
51 802
74 791
86 764
167 167
0 0
402 52
416 56
392 85
369 80
0 0
594 308
610 313
632 304
627 268
0 0
524 71
528 75
0 0
287 284
282 298
294 291
305 293
306 272
0 0
950 229
952 262
940 246
934 247
500 167
0 0
288 458
293 476
297 461
307 462
312 455
0 0
838 63
862 64
853 66
838 67
167 167
0 0
99 834
106 844
122 849
125 846
167 834
0 0
553 441
564 436
594 451
584 440
0 0
127 983
152 996
177 983
165 950
167 834
0 0
882 219
889 215
889 238
881 234
872 242
500 167
0 0
481 228
489 239
480 247
469 247
464 235
0 0
932 281
936 279
953 287
923 284
500 167
0 0
941 342
953 324
967 327
977 339
966 301
500 167
0 0
678 290
698 290
687 320
0 0
16 732
10 764
24 763
40 727
0 0
564 25
589 30
649 30
680 2
681 74
0 0
202 39
212 39
215 73
180 66
0 0
76 258
73 329
68 368
44 300
0 0
21 500
24 521
17 536
4 517
0 0
187 768
185 796
178 804
189 798
220 794
167 167
0 0
1 827
18 846
22 856
64 844
167 500
0 0
39 922
50 932
54 935
58 941
167 500
0 0
483 270
500 280
499 264
0 0
177 274
184 339
159 310
150 301
0 0
385 451
408 460
401 449
413 424
415 407
0 0
863 44
897 47
879 57
867 55
500 167
0 0
299 571
307 627
297 604
266 562
253 535
0 0
758 410
760 436
725 430
712 433
167 167
0 0
837 95
840 109
836 112
843 135
833 167
0 0
212 903
204 930
202 931
192 888
167 834
0 0
474 146
478 154
0 0
497 523
520 532
561 527
555 484
0 0
504 198
520 202
520 191
494 186
0 0
796 547
841 543
841 520
833 500
0 0
212 832
202 848
252 836
239 787
167 500
0 0
960 590
991 617
997 596
986 595
833 500
0 0
373 134
410 125
391 94
351 55
331 4
0 0
501 372
501 384
494 399
0 0
456 720
482 749
497 712
167 167
0 0
392 244
408 243
402 223
388 208
0 0
875 91
892 100
908 99
908 103
904 115
500 167
0 0
205 745
221 764
234 720
227 699
167 167
0 0
435 615
463 618
462 590
456 587
0 0
324 842
356 868
356 901
343 882
310 852
167 500
0 0
898 486
888 448
897 410
869 414
867 408
500 167
0 0
125 815
126 820
133 830
142 835
167 834
0 0
383 373
414 374
408 363
0 0
360 419
367 425
361 437
344 450
321 438
0 0
479 274
484 279
481 281
486 301
0 0
383 311
399 329
392 329
366 344
0 0
169 825
167 834
156 826
144 827
142 807
0 0
785 101
804 110
810 114
798 121
167 167
0 0
206 314
216 326
234 332
227 316
205 294
0 0
330 596
363 614
319 644
292 665
300 608
0 0
113 943
129 946
125 935
124 934
167 834
0 0
912 350
921 343
939 361
944 359
928 334
500 167
0 0
143 938
150 966
151 969
155 951
167 834
0 0
291 346
331 362
348 368
308 337
0 0
631 386
625 400
664 460
629 447
602 414
167 167
0 0
20 90
16 97
38 119
63 84
0 0
91 921
100 923
102 918
102 907
167 500
0 0
942 467
980 512
998 548
982 560
833 500
0 0
284 419
290 423
289 426
282 437
0 0
850 425
915 417
874 368
839 348
500 167
0 0
513 333
548 355
538 354
482 339
0 0
294 796
297 816
278 847
276 846
266 819
167 500
0 0
332 319
325 320
0 0
244 466
234 500
201 513
0 0
13 641
21 698
30 624
35 597
0 0
799 942
832 952
874 955
877 942
870 931
833 834
0 0
138 699
149 697
178 710
197 686
0 0
890 640
934 692
920 633
895 595
833 500
0 0
469 817
442 808
431 819
365 803
167 500
0 0
202 310
217 284
223 275
0 0
759 835
759 839
844 845
833 834
809 825
0 0
103 639
106 653
76 671
76 667
75 602
0 0
843 9
909 22
885 23
877 28
500 167
0 0
90 978
123 1000
108 980
110 964
167 834
0 0
566 78
581 91
554 82
533 82
0 0
435 254
451 269
435 278
420 267
405 258
0 0
695 337
725 339
740 343
703 346
698 347
167 167
0 0
787 362
807 379
816 377
788 322
500 167
0 0
266 457
280 473
284 481
270 481
0 0
640 165
647 167
677 170
634 157
0 0
281 341
280 364
277 359
264 347
0 0
858 354
918 400
905 345
500 167
0 0
277 752
285 767
286 774
307 764
167 167
0 0
721 109
750 130
719 128
720 133
709 161
0 0
47 963
46 964
50 970
50 951
167 500
0 0
854 236
861 244
858 251
858 255
500 167
0 0
69 205
88 246
77 246
0 0
563 224
567 222
572 218
547 203
0 0
791 162
797 162
786 186
167 167
0 0
415 498
415 517
448 513
460 506
440 485
0 0
884 840
906 830
916 866
867 873
833 834
0 0
248 393
252 380
254 377
261 354
0 0
345 175
374 186
351 192
299 197
0 0
974 278
980 257
993 242
996 220
978 188
833 167
0 0
545 62
540 63
506 64
0 0
307 397
310 398
336 428
331 433
301 417
0 0
717 78
735 65
746 95
719 93
706 90
0 0
662 486
752 531
766 504
772 457
500 167
0 0
581 780
569 817
572 827
546 837
500 834
0 0
80 366
70 381
40 394
18 360
1 332
0 0
954 98
946 112
943 107
926 105
500 167
0 0
863 568
875 542
875 497
858 502
833 500
0 0
503 855
509 893
560 886
510 841
500 834
0 0
16 979
37 1000
53 1000
85 979
167 500
0 0
118 745
158 793
166 764
152 734
167 167
0 0
48 853
80 869
82 861
73 851
167 500
0 0
216 974
217 979
218 992
213 987
167 834
0 0
121 908
132 920
124 894
167 500
0 0
618 577
676 581
695 620
631 614
585 594
500 500
0 0
521 285
547 281
533 279
519 268
0 0
277 387
303 406
283 404
266 398
0 0
568 274
568 286
582 317
568 311
541 303
0 0
193 518
197 524
198 537
248 506
223 490
0 0
137 87
161 102
160 129
145 96
0 0
665 990
659 994
639 987
621 976
500 834
0 0
772 594
811 598
815 625
811 631
787 639
500 500
0 0
987 735
988 790
999 831
987 845
833 834
984 939
0 0
215 359
230 362
231 337
262 332
0 0
41 883
51 885
71 883
78 882
167 500
0 0
430 197
441 215
437 236
432 229
0 0
763 186
786 222
749 216
744 203
167 167
0 0
850 267
861 274
860 275
500 167
0 0
265 783
272 788
275 772
272 771
167 167
0 0
254 284
263 293
249 311
0 0
121 678
110 723
104 710
0 0
514 110
550 142
549 147
566 179
0 0
817 187
827 183
833 167
835 160
820 139
0 0
256 544
249 590
297 568
287 535
262 513
0 0
941 160
956 173
947 194
925 179
833 167
0 0
927 39
977 62
995 89
954 91
500 167
0 0
550 757
525 774
527 786
475 780
167 500
0 0
90 78
102 90
91 91
79 105
0 0
370 271
427 289
396 258
370 207
0 0
788 310
834 350
836 295
792 295
500 167
0 0
174 403
169 411
159 405
0 0
240 801
247 818
259 851
296 871
167 500
0 0
625 158
630 125
591 113
0 0
154 894
164 890
171 891
182 883
172 865
167 834
0 0
123 595
115 641
95 571
0 0
44 457
63 475
64 517
0 438
0 0
421 870
413 905
407 932
390 957
398 905
167 500
0 0
878 960
899 994
923 980
919 962
833 834
0 0
990 351
961 294
973 291
968 286
833 167
0 0
772 937
780 936
814 886
863 921
863 886
833 834
0 0
772 29
783 26
782 44
749 43
0 0
244 82
246 128
246 156
285 104
274 30
0 0
224 769
225 777
277 797
167 167
0 0
820 51
867 75
871 87
851 84
500 167
0 0
473 5
469 13
471 44
471 58
0 0
334 695
336 745
273 688
238 610
167 500
0 0
944 220
960 209
964 211
970 207
833 167
0 0
705 580
729 620
740 622
712 512
500 167
0 0
902 315
917 309
915 307
886 296
500 167
0 0
445 305
472 323
443 329
414 304
0 0
521 401
512 412
498 448
474 446
0 0
3 893
21 904
30 919
41 933
167 500
0 0
308 485
302 506
337 486
361 490
0 0
458 199
485 205
491 210
498 199
467 189
0 0
768 731
848 739
878 716
822 706
833 500
0 0
131 24
165 31
145 20
134 20
111 1
0 0
479 978
507 957
515 939
536 956
623 911
500 834
0 0
816 63
817 68
821 71
801 81
167 167
0 0
183 454
227 575
338 568
226 446
0 0
67 930
63 942
80 925
77 906
167 500
0 0
894 726
833 834
906 899
992 939
966 994
775 993
167 167
0 0
322 213
349 202
420 185
422 180
403 167
0 0
113 864
119 871
126 877
120 859
167 500
0 0
137 885
141 910
141 914
135 897
167 834
0 0
3 25
97 43
163 73
168 0
0 0
696 784
716 823
713 806
697 755
500 500
0 0
106 895
105 901
156 902
153 899
167 834
0 0
535 246
542 240
542 231
517 226
0 0
125 178
161 162
0 0
417 390
418 389
432 398
442 386
414 364
0 0
10 893
62 901
99 895
167 500
0 0
319 913
382 958
374 989
254 997
167 834
0 0
808 87
965 25
879 167
833 167
0 0
369 718
381 700
400 702
167 167
0 0
54 726
57 742
113 820
107 804
167 167
0 0
822 575
823 571
833 500
0 0
630 686
569 663
568 659
535 632
523 626
500 500
0 0
530 28
496 113
484 108
446 78
0 0
878 250
910 245
908 249
887 262
500 167
0 0
927 210
909 202
833 167
0 0
775 116
790 155
750 177
655 154
500 167
0 0
376 632
424 652
432 696
468 650
475 624
167 167
0 0
399 742
442 766
436 737
167 167
0 0
585 222
681 214
677 208
604 201
0 0
93 953
93 968
167 500
0 0
435 336
590 292
548 281
521 264
0 0
220 898
216 964
205 953
199 952
167 834
0 0
131 239
71 176
0 0
624 872
609 798
608 750
500 500
0 0
315 388
329 391
319 377
306 364
0 0
112 334
122 356
137 397
131 436
120 425
0 0
877 322
904 280
905 275
500 167
0 0
775 98
932 226
939 225
923 254
500 167
0 0
110 822
120 843
167 834
360 780
366 758
0 0
637 527
671 892
500 834
392 541
376 534
0 0
269 417
272 419
262 418
250 421
0 0
181 139
202 165
245 215
176 164
0 0
362 515
390 508
500 500
816 399
787 73
740 12
0 0
28 212
42 213
224 440
229 434
0 0
