479
0 500 500
1 832 885
1 777 632
1 406 257
1 620 467
1 343 166
1 355 345
1 393 299
1 631 767
1 384 340
1 643 630
1 786 593
1 789 727
1 443 205
1 679 408
1 845 535
1 732 820
1 890 861
1 645 689
1 800 517
1 951 643
1 828 746
1 862 625
1 606 432
1 672 984
1 580 338
1 629 494
1 809 663
1 738 595
1 604 320
1 645 532
1 688 728
1 390 680
1 842 517
1 525 404
1 697 719
1 837 853
1 741 585
1 628 506
1 354 280
1 726 834
1 721 635
1 448 363
1 963 702
1 570 484
1 389 281
1 708 380
1 522 439
1 771 523
1 778 645
1 402 318
1 817 717
1 730 655
1 814 925
1 743 362
1 568 298
1 555 132
1 937 637
1 542 678
1 822 854
1 711 697
1 603 310
1 864 674
1 850 879
1 280 198
1 502 417
1 764 610
1 729 822
1 307 258
1 896 958
1 774 732
1 684 446
1 691 793
1 905 888
1 664 411
1 875 981
1 477 226
1 607 624
1 823 875
1 558 543
1 410 237
1 712 692
1 804 678
1 491 317
1 475 280
1 881 872
1 371 269
1 520 562
1 590 431
1 420 245
1 811 647
1 501 507
1 684 647
1 739 969
1 854 717
1 844 268
1 520 823
1 866 966
1 720 645
1 564 493
1 653 541
1 831 758
1 694 804
1 661 469
1 417 251
1 683 364
1 648 479
1 255 225
1 836 934
1 811 960
1 888 492
1 111 261
1 866 827
1 822 876
1 672 419
1 750 974
1 545 420
1 140 267
1 925 749
1 505 282
1 701 477
1 427 272
1 293 242
1 757 929
1 856 861
1 848 809
1 331 214
1 682 480
1 804 638
1 349 234
1 426 194
1 499 348
1 692 700
1 331 318
1 738 644
1 967 900
1 604 563
1 701 540
1 523 429
1 834 880
1 714 644
1 369 222
1 720 566
1 606 512
1 840 926
1 786 354
1 667 709
1 670 508
1 456 202
1 827 687
1 871 800
1 556 837
1 810 589
1 537 360
1 456 275
1 688 214
1 346 163
1 880 569
1 360 215
1 849 686
1 617 420
1 308 466
1 734 534
1 880 638
1 751 763
1 616 485
1 719 744
1 371 346
1 379 420
1 565 524
1 377 138
1 864 721
1 823 535
1 367 218
1 614 761
1 659 383
1 867 910
1 717 895
1 865 793
1 588 663
1 595 488
1 408 268
1 713 863
1 652 409
1 920 394
1 819 367
1 653 425
1 618 425
1 657 290
1 709 839
1 739 541
1 909 732
1 373 218
1 375 283
1 278 391
1 843 873
1 443 229
1 756 702
1 365 293
1 821 637
1 477 191
1 401 102
1 359 290
1 791 751
1 938 787
1 709 469
1 329 178
1 559 543
1 916 882
1 758 635
1 855 710
1 797 783
1 428 238
1 802 823
1 730 542
1 797 464
1 217 29
1 939 745
1 911 889
1 829 679
1 678 523
1 709 224
1 550 429
1 821 933
1 798 482
1 686 615
1 735 658
1 728 531
1 736 452
1 721 459
1 818 377
1 421 479
1 768 524
1 498 441
1 601 454
1 851 574
1 662 511
1 526 279
1 447 601
1 889 610
1 891 930
1 483 278
1 728 845
1 451 299
1 308 215
1 643 486
1 758 963
1 439 458
1 830 608
1 387 233
1 837 948
1 561 410
1 721 439
1 778 640
1 826 627
1 644 724
1 515 465
1 728 651
1 666 474
1 759 94
1 525 419
1 927 692
1 597 228
1 448 218
1 575 349
1 921 883
1 406 172
1 840 847
1 787 660
1 301 545
1 668 880
1 594 416
1 791 861
1 740 581
1 438 272
1 500 259
1 600 464
1 965 412
1 614 568
1 829 644
1 556 518
1 660 676
1 525 793
1 623 482
1 369 195
1 805 668
1 820 936
1 879 886
1 713 679
1 728 597
1 833 719
1 720 473
1 744 569
1 739 539
1 644 446
1 896 850
1 393 284
1 708 586
1 694 612
1 446 162
1 383 213
1 738 669
1 726 702
1 749 641
1 499 397
1 335 416
1 828 951
1 634 368
1 720 559
1 428 272
1 664 226
1 772 626
1 602 466
1 592 394
1 627 408
1 754 637
1 643 572
1 699 167
1 880 867
1 493 305
1 698 630
1 819 640
1 819 577
1 860 866
1 303 326
1 523 470
1 780 647
1 630 579
1 893 578
1 545 465
1 782 723
1 639 609
1 313 267
1 810 893
1 407 307
1 808 666
1 621 427
1 841 943
1 761 602
1 513 340
1 335 150
1 807 564
1 715 936
1 818 834
1 881 870
1 300 679
1 628 402
1 697 551
1 342 373
1 819 859
1 830 955
1 651 493
1 378 248
1 675 424
1 700 76
1 398 303
1 890 373
1 799 623
1 812 806
1 770 860
1 776 711
1 661 839
1 829 895
1 392 227
1 891 565
1 569 489
1 824 716
1 827 436
1 380 217
1 527 376
1 838 855
1 537 432
1 468 195
1 714 807
1 553 104
1 448 331
1 846 863
1 815 689
1 639 332
1 748 365
1 577 442
1 572 461
1 431 304
1 731 688
1 415 256
1 933 687
1 461 392
1 827 906
1 786 737
1 825 375
1 583 513
1 793 632
1 540 374
1 604 445
1 303 293
1 802 534
1 443 308
1 298 118
1 500 353
1 818 892
1 487 444
1 744 657
1 701 547
1 297 237
1 660 436
1 580 450
1 591 411
1 877 905
1 377 314
1 868 819
1 750 857
1 643 336
1 770 609
1 873 547
1 746 949
1 771 418
1 736 788
1 676 521
1 934 919
1 673 493
1 817 914
1 493 28
1 322 227
1 746 617
1 754 950
1 523 296
1 675 488
1 860 848
1 466 251
1 772 307
1 396 235
1 796 976
1 792 646
1 417 267
1 871 536
1 285 205
1 474 257
1 854 648
1 602 262
1 950 821
1 698 633
1 760 957
1 418 292
1 690 602
1 669 683
1 565 562
1 832 811
1 797 722
1 594 646
1 597 358
1 944 834
1 776 610
1 719 441
1 832 908
1 702 378
1 604 494
1 757 832
1 647 400
1 601 706
2 218 124
2 218 315
2 218 506
2 218 698
2 218 889
2 432 124
2 432 315
2 432 506
2 432 698
2 432 889
2 646 124
2 646 315
2 646 506
2 646 698
2 646 889
2 860 124
2 860 315
2 860 506
2 860 698
2 860 889
501
500 500
572 461
601 454
604 445
606 432
617 420
618 425
621 427
653 425
652 409
664 411
679 408
672 419
675 424
660 436
644 446
620 467
623 482
643 486
648 479
661 469
666 474
684 446
719 441
721 439
708 380
702 378
683 364
643 336
634 368
659 383
647 400
628 402
627 408
592 394
591 411
594 416
590 431
577 442
580 450
500 500
807 564
819 577
810 589
830 608
851 574
880 569
893 578
891 565
873 547
871 536
845 535
842 517
823 535
802 534
500 500
607 624
594 646
588 663
601 706
614 761
631 767
688 728
697 719
692 700
667 709
669 683
660 676
643 630
639 609
500 500
600 464
602 466
673 493
675 488
682 480
701 477
709 469
720 473
721 459
736 452
771 418
797 464
798 482
800 517
771 523
768 524
739 541
739 539
734 534
728 531
730 542
720 559
500 500
447 601
390 680
525 793
520 823
556 837
661 839
668 880
713 863
709 839
728 845
726 834
729 822
714 807
694 804
691 793
646 698
645 689
500 500
556 518
565 524
606 512
628 506
645 532
653 541
701 547
701 540
678 523
676 521
670 508
662 511
651 493
629 494
616 485
604 494
595 488
570 484
500 500
728 597
738 595
746 617
754 637
758 635
772 626
776 610
786 593
770 609
764 610
761 602
741 585
740 581
744 569
720 566
500 500
750 857
770 860
822 876
860 889
820 936
811 960
796 976
757 929
746 949
754 950
760 957
758 963
750 974
739 969
672 984
715 936
717 895
500 500
840 847
837 853
838 855
843 873
850 879
860 889
879 886
881 872
881 870
880 867
860 866
856 861
846 863
860 848
500 500
379 420
377 314
365 293
375 283
371 269
408 268
389 281
393 284
393 299
398 303
407 307
431 304
443 308
500 500
303 326
303 293
313 267
307 258
293 242
297 237
322 227
331 214
308 215
285 205
280 198
255 225
111 261
140 267
218 315
278 391
500 500
515 465
522 439
523 429
525 419
525 404
502 417
499 397
527 376
540 374
537 360
513 340
500 353
499 348
491 317
493 305
483 278
500 259
505 282
526 279
523 296
568 298
602 262
597 228
657 290
646 315
639 332
603 310
604 320
580 338
575 349
597 358
561 410
545 420
550 429
537 432
545 465
523 470
500 500
756 702
776 711
782 723
789 727
797 722
817 717
824 716
833 719
828 746
831 758
797 783
791 751
786 737
774 732
751 763
646 698
500 500
792 646
805 668
829 679
849 686
864 674
951 643
937 637
889 610
880 638
862 625
854 648
829 644
819 640
821 637
826 627
646 506
500 500
451 299
428 238
443 229
448 218
443 205
426 194
406 172
446 162
477 191
468 195
456 202
477 226
466 251
500 500
714 644
720 645
728 651
730 655
735 658
731 688
738 669
744 657
780 647
778 645
778 640
749 641
738 644
721 635
500 500
802 823
818 834
822 854
819 859
823 875
834 880
832 885
829 895
832 908
840 926
817 914
827 906
818 892
810 893
791 861
646 698
500 500
865 793
871 800
950 821
938 787
939 745
925 749
909 732
963 702
933 687
927 692
864 721
854 717
855 710
860 698
827 687
500 500
498 441
487 444
461 392
448 363
448 331
402 318
384 340
371 346
355 345
331 318
342 373
335 416
308 466
421 479
439 458
500 500
378 248
349 234
360 215
329 178
335 150
346 163
343 166
369 195
367 218
369 222
373 218
380 217
383 213
392 227
387 233
500 500
690 602
777 632
793 632
799 623
804 638
811 647
809 663
808 666
815 689
804 678
787 660
713 679
684 647
500 500
475 280
474 257
456 275
438 272
428 272
427 272
417 267
415 256
417 251
420 245
410 237
396 235
406 257
418 292
500 500
812 806
832 811
848 809
868 819
866 827
890 861
896 850
944 834
921 883
916 882
911 889
905 888
877 905
867 910
860 889
500 500
564 493
569 489
583 513
643 572
630 579
614 568
604 563
565 562
559 543
558 543
520 562
501 507
500 500
542 678
644 724
732 820
757 832
736 788
719 744
726 702
711 697
712 692
698 633
698 630
686 615
694 612
708 586
697 551
646 506
500 500
814 925
821 933
836 934
841 943
837 948
828 951
830 955
866 966
875 981
896 958
891 930
934 919
967 900
860 889
500 500
300 679
301 545
359 290
354 280
298 118
218 124
217 29
377 138
401 102
493 28
553 104
555 132
646 124
700 76
759 94
699 167
664 226
688 214
709 224
772 307
844 268
860 315
890 373
920 394
965 412
888 492
827 436
818 377
825 375
819 367
786 354
748 365
743 362
500 500
