386
0 500 500
1 740 442
1 261 710
1 578 522
1 562 509
1 795 425
1 636 463
1 645 617
1 595 524
1 649 599
1 745 252
1 180 757
1 590 598
1 332 775
1 544 551
1 1000 444
1 581 521
1 240 609
1 700 468
1 735 579
1 403 569
1 352 905
1 733 352
1 289 705
1 598 249
1 565 570
1 711 336
1 816 497
1 769 411
1 409 651
1 231 742
1 575 555
1 567 477
1 693 537
1 521 534
1 457 414
1 826 450
1 638 617
1 245 744
1 235 859
1 233 821
1 863 455
1 739 480
1 311 717
1 567 373
1 753 427
1 547 493
1 732 382
1 664 511
1 945 316
1 250 770
1 598 493
1 262 653
1 568 558
1 877 808
1 395 796
1 467 732
1 685 327
1 260 910
1 571 648
1 747 398
1 571 650
1 541 442
1 841 466
1 744 725
1 662 349
1 686 543
1 184 776
1 177 770
1 664 559
1 802 446
1 110 559
1 662 566
1 605 544
1 287 671
1 556 738
1 615 511
1 293 693
1 375 671
1 383 614
1 834 417
1 704 397
1 255 696
1 708 388
1 799 172
1 298 531
1 740 456
1 661 582
1 664 398
1 659 461
1 630 290
1 267 721
1 682 474
1 269 639
1 577 361
1 540 550
1 370 733
1 546 587
1 708 412
1 724 572
1 416 688
1 544 794
1 714 478
1 916 502
1 313 770
1 464 361
1 356 921
1 776 470
1 477 721
1 733 447
1 724 495
1 272 792
1 491 471
1 348 505
1 168 309
1 595 628
1 227 720
1 781 585
1 228 680
1 807 595
1 582 503
1 327 603
1 505 586
1 235 788
1 135 677
1 716 440
1 221 678
1 633 421
1 826 476
1 879 350
1 738 475
1 676 446
1 388 669
1 465 690
1 543 422
1 675 544
1 770 613
1 309 590
1 434 594
1 647 551
1 468 405
1 0 863
1 663 582
1 209 755
1 966 516
1 580 593
1 221 558
1 230 594
1 329 768
1 786 523
1 636 512
1 704 474
1 819 376
1 516 472
1 724 505
1 565 501
1 404 589
1 663 527
1 901 693
1 254 640
1 726 813
1 253 708
1 269 730
1 823 519
1 586 689
1 739 421
1 706 519
1 726 423
1 614 525
1 239 690
1 643 328
1 793 426
1 221 731
1 290 732
1 709 310
1 654 492
1 745 370
1 459 639
1 618 570
1 613 528
1 808 359
1 652 434
1 258 637
1 722 421
1 837 321
1 68 544
1 191 686
1 535 578
1 242 624
1 371 387
1 835 757
1 671 445
1 764 425
1 771 480
1 242 763
1 670 520
1 580 482
1 292 823
1 547 443
1 807 780
1 520 622
1 797 356
1 555 484
1 747 340
1 228 846
1 760 446
1 734 451
1 604 277
1 790 405
1 680 445
1 741 460
1 244 758
1 632 536
1 600 503
1 562 518
1 672 398
1 620 425
1 852 489
1 577 553
1 235 755
1 879 359
1 187 725
1 724 328
1 775 451
1 283 660
1 195 572
1 830 457
1 205 739
1 733 341
1 884 418
1 434 452
1 716 458
1 495 573
1 579 545
1 228 725
1 604 417
1 806 347
1 420 730
1 626 499
1 555 449
1 326 598
1 551 554
1 177 983
1 794 430
1 771 573
1 135 683
1 487 291
1 239 703
1 789 477
1 273 752
1 521 478
1 677 456
1 505 327
1 453 744
1 321 753
1 509 497
1 749 451
1 633 815
1 796 429
1 341 677
1 797 485
1 571 649
1 276 631
1 857 439
1 587 776
1 750 412
1 752 393
1 338 657
1 206 651
1 170 716
1 831 441
1 104 694
1 809 569
1 591 407
1 605 549
1 201 625
1 300 676
1 548 478
1 637 450
1 706 463
1 788 583
1 611 574
1 176 761
1 404 508
1 798 573
1 614 415
1 257 707
1 780 394
1 729 472
1 547 462
1 379 817
1 539 556
1 498 909
1 275 706
1 726 426
1 269 637
1 780 439
1 724 478
1 832 405
1 229 700
1 223 692
1 512 428
1 623 445
1 763 481
1 817 463
1 755 418
1 655 522
1 720 471
1 286 645
1 320 745
1 111 606
1 289 737
1 636 260
1 184 680
1 679 590
1 256 618
1 200 671
1 264 677
1 326 681
1 102 640
1 229 729
1 553 266
1 519 526
1 692 552
1 709 509
1 547 655
1 794 421
1 189 728
1 565 676
1 326 462
1 687 334
1 298 705
1 582 478
1 737 579
1 458 895
1 663 391
1 394 639
1 352 782
1 621 303
1 268 629
1 440 831
1 748 593
1 400 547
1 268 721
1 226 646
1 578 616
1 648 377
1 446 574
1 502 571
1 574 593
1 459 466
2 72 254
2 72 416
2 72 578
2 72 740
2 72 902
2 215 254
2 215 416
2 215 578
2 215 740
2 215 902
2 358 254
2 358 416
2 358 578
2 358 740
2 358 902
2 500 254
2 500 416
2 500 578
2 500 740
2 500 902
2 643 254
2 643 416
2 643 578
2 643 740
2 643 902
2 786 254
2 786 416
2 786 578
2 786 740
2 786 902
2 929 254
2 929 416
2 929 578
2 929 740
2 929 902
418
500 500
521 478
516 472
491 471
500 500
724 572
735 579
737 579
748 593
781 585
771 573
686 543
500 500
716 440
740 442
753 427
739 421
726 426
722 421
708 412
500 500
338 657
326 681
311 717
298 705
289 705
293 693
300 676
500 500
539 556
546 587
565 570
568 558
575 555
577 553
579 545
500 500
191 686
184 680
135 677
135 683
104 694
170 716
187 725
215 740
500 500
320 745
321 753
313 770
329 768
332 775
352 782
358 740
500 500
789 477
797 485
817 463
826 450
830 457
841 466
826 476
816 497
823 519
786 523
643 578
500 500
672 398
704 397
708 388
732 382
745 370
752 393
747 398
500 500
404 508
348 505
400 547
403 569
404 589
446 574
500 500
598 493
626 499
654 492
714 478
704 474
700 468
677 456
680 445
676 446
671 445
659 461
500 500
605 544
605 549
611 574
618 570
662 566
647 551
632 536
614 525
613 528
595 524
500 500
760 446
775 451
780 439
802 446
794 430
796 429
793 426
795 425
786 416
790 405
780 394
769 411
500 500
831 441
857 439
834 417
832 405
819 376
808 359
806 347
797 356
643 416
500 500
562 509
615 511
581 521
578 522
562 518
500 500
502 571
505 586
520 622
547 655
565 676
586 689
571 650
571 649
571 648
595 628
578 616
590 598
580 593
574 593
519 526
500 500
239 690
239 703
227 720
229 700
223 692
221 678
228 680
358 578
500 500
726 423
750 412
755 418
764 425
749 451
741 460
740 456
734 451
733 447
716 458
706 463
500 500
326 462
221 558
230 594
240 609
242 624
256 618
309 590
326 598
327 603
358 578
500 500
724 505
724 495
771 480
763 481
739 480
738 475
729 472
724 478
720 471
682 474
500 500
548 478
567 477
582 478
580 482
555 484
547 493
500 500
459 466
434 452
457 414
468 405
512 428
547 443
555 449
509 497
500 500
434 594
409 651
388 669
375 671
341 677
283 660
286 645
269 639
269 637
276 631
383 614
500 500
521 534
540 550
544 551
551 554
535 578
495 573
500 500
591 407
685 327
643 328
621 303
630 290
636 260
604 277
598 249
553 266
500 416
500 500
459 639
465 690
477 721
467 732
453 744
370 733
416 688
500 500
623 445
620 425
633 421
652 434
637 450
636 463
500 500
733 352
747 340
733 341
724 328
711 336
687 334
662 349
500 500
709 310
745 252
799 172
786 254
837 321
945 316
879 350
879 359
884 418
863 455
794 421
786 416
776 470
500 500
567 373
577 361
648 377
663 391
664 398
614 415
604 417
500 500
244 758
242 763
250 770
235 788
233 821
228 846
235 859
215 902
177 983
260 910
292 823
272 792
500 578
500 500
420 730
395 796
379 817
358 902
352 905
356 921
458 895
440 831
500 500
257 707
253 708
261 710
267 721
268 721
269 730
275 706
500 578
500 500
692 552
770 613
807 595
809 569
798 573
788 583
786 578
706 519
709 509
500 500
638 617
645 617
649 599
679 590
663 582
661 582
664 559
675 544
693 537
500 500
655 522
663 527
670 520
664 511
636 512
600 503
582 503
565 501
500 500
371 387
464 361
487 291
505 327
543 422
541 442
547 462
500 500
245 744
235 755
209 755
205 739
215 740
221 731
229 729
228 725
255 696
287 671
500 500
231 742
215 740
189 728
180 757
176 761
177 770
0 863
184 776
215 740
273 752
500 500
556 738
587 776
633 815
726 813
643 902
498 909
544 794
500 500
744 725
807 780
835 757
877 808
929 740
901 693
966 516
1000 444
916 502
852 489
786 416
500 500
394 639
289 737
290 732
264 677
262 653
226 646
254 640
258 637
268 629
358 578
500 500
168 309
72 416
68 544
110 559
111 606
102 640
200 671
206 651
201 625
195 572
215 578
298 531
500 500
