110
0 35 35
1 41 49
1 35 17
1 55 45
1 55 20
1 15 30
1 25 30
1 20 50
1 10 43
1 55 60
1 30 60
1 20 65
1 50 35
1 30 25
1 15 10
1 30 5
1 10 20
1 5 30
1 20 40
1 15 60
1 45 65
1 45 20
1 45 10
1 55 5
1 65 35
1 65 20
1 45 30
1 35 40
1 41 37
1 64 42
1 40 60
1 31 52
1 35 69
1 53 52
1 65 55
1 63 65
1 2 60
1 20 20
1 5 5
1 60 12
1 40 25
1 42 7
1 24 12
1 23 3
1 11 14
1 6 38
1 2 48
1 8 56
1 13 52
1 6 68
1 47 47
1 49 58
1 27 43
1 37 31
1 57 29
1 63 23
1 53 12
1 32 12
1 36 26
1 21 24
1 17 34
1 12 24
1 24 58
1 27 69
1 15 77
1 62 77
1 49 73
1 67 5
1 56 39
1 37 47
1 37 56
1 57 68
1 47 16
1 44 17
1 46 13
1 49 11
1 49 42
1 53 43
1 61 52
1 57 48
1 56 37
1 55 54
1 15 47
1 14 37
1 11 31
1 16 22
1 4 18
1 28 18
1 26 52
1 26 35
1 31 67
1 15 19
1 22 22
1 18 24
1 26 27
1 25 24
1 22 27
1 25 21
1 19 21
1 20 26
1 18 18
2 13 16
2 13 40
2 13 65
2 35 16
2 35 40
2 35 65
2 57 16
2 57 40
2 57 65
115
35 35
35 40
41 49
47 47
53 52
55 54
61 52
57 48
55 45
53 43
56 39
56 37
50 35
35 35
37 47
37 56
40 60
45 65
49 73
35 69
35 65
31 67
27 69
30 60
24 58
26 52
31 52
35 35
37 31
45 30
57 29
55 20
57 16
65 20
63 23
65 35
64 42
65 55
63 65
62 77
57 68
57 65
55 60
49 58
49 42
41 37
35 35
45 20
47 16
53 12
57 16
60 12
67 5
55 5
49 11
42 7
45 10
46 13
44 17
40 25
35 35
36 26
30 25
25 21
28 18
24 12
18 18
20 20
19 21
22 22
21 24
25 24
26 27
35 35
26 35
15 30
11 31
12 24
10 20
15 19
16 22
18 24
20 26
22 27
25 30
35 35
17 34
14 37
6 38
5 30
4 18
5 5
11 14
13 16
15 10
23 3
30 5
32 12
35 17
35 35
27 43
20 50
13 52
15 60
20 65
15 77
13 65
6 68
2 60
8 56
2 48
10 43
15 47
20 40
35 35
