579
0 0 0
1 753 355
1 663 83
1 725 286
1 734 504
1 704 145
1 728 311
1 675 58
1 617 242
1 864 334
1 772 258
1 516 109
1 717 123
1 768 161
1 598 365
1 896 569
1 781 281
1 898 397
1 714 126
1 780 311
1 809 60
1 728 244
1 724 219
1 712 177
1 694 432
1 491 157
1 854 648
1 612 179
1 623 337
1 788 320
1 772 378
1 736 308
1 692 303
1 737 334
1 576 27
1 731 360
1 763 301
1 633 578
1 935 244
1 513 73
1 511 133
1 671 349
1 729 254
1 771 261
1 851 278
1 827 365
1 682 113
1 553 425
1 544 282
1 706 165
1 527 26
1 580 220
1 908 303
1 841 306
1 656 34
1 864 196
1 618 270
1 699 347
1 787 289
1 678 11
1 643 387
1 757 114
1 858 395
1 706 157
1 713 243
1 663 319
1 615 448
1 898 477
1 767 131
1 718 334
1 871 216
1 694 435
1 617 345
1 645 75
1 513 50
1 767 259
1 773 313
1 589 104
1 760 287
1 595 425
1 763 240
1 569 225
1 702 417
1 593 51
1 656 83
1 532 93
1 834 351
1 832 274
1 751 126
1 796 290
1 872 212
1 835 257
1 702 185
1 673 187
1 596 422
1 740 147
1 890 180
1 556 120
1 638 386
1 748 319
1 620 112
1 794 226
1 641 383
1 594 302
1 725 400
1 731 321
1 703 296
1 614 503
1 715 179
1 781 317
1 841 365
1 783 270
1 778 420
1 770 372
1 907 192
1 913 434
1 647 749
1 683 171
1 649 324
1 359 195
1 867 471
1 585 218
1 757 323
1 914 399
1 681 323
1 603 251
1 554 275
1 762 315
1 813 342
1 801 379
1 724 14
1 775 342
1 727 221
1 715 314
1 731 363
1 788 250
1 649 29
1 655 407
1 567 325
1 624 88
1 763 422
1 669 54
1 785 537
1 765 384
1 654 348
1 677 313
1 848 491
1 814 112
1 699 70
1 658 353
1 550 42
1 853 372
1 540 24
1 626 65
1 661 37
1 769 395
1 715 396
1 714 325
1 729 241
1 692 271
1 638 306
1 715 360
1 697 213
1 704 114
1 699 231
1 911 240
1 789 296
1 598 279
1 656 384
1 636 117
1 637 296
1 864 347
1 844 382
1 595 121
1 590 28
1 734 288
1 641 174
1 789 60
1 729 563
1 839 459
1 685 249
1 626 159
1 610 15
1 671 265
1 1000 201
1 875 408
1 419 38
1 671 63
1 693 73
1 803 184
1 690 55
1 680 192
1 511 191
1 899 256
1 610 110
1 827 287
1 672 526
1 751 216
1 755 311
1 770 321
1 750 262
1 665 436
1 595 339
1 743 228
1 748 421
1 736 240
1 747 298
1 511 179
1 753 707
1 413 402
1 628 437
1 661 207
1 737 328
1 711 285
1 655 325
1 800 288
1 804 352
1 678 59
1 623 79
1 825 278
1 736 469
1 728 268
1 675 177
1 641 245
1 686 180
1 617 646
1 903 84
1 646 72
1 778 409
1 865 386
1 928 420
1 668 91
1 702 123
1 705 306
1 574 355
1 684 468
1 700 483
1 617 442
1 629 426
1 767 394
1 750 212
1 828 227
1 544 253
1 605 107
1 746 356
1 737 130
1 638 79
1 600 47
1 734 377
1 652 13
1 482 164
1 737 249
1 740 161
1 554 181
1 623 270
1 748 363
1 655 305
1 878 250
1 638 311
1 743 397
1 663 78
1 649 322
1 718 309
1 711 345
1 750 222
1 734 195
1 691 372
1 676 264
1 793 263
1 638 111
1 717 372
1 670 184
1 635 112
1 677 120
1 708 173
1 741 62
1 483 71
1 851 348
1 776 165
1 807 346
1 659 341
1 732 272
1 815 259
1 739 375
1 907 319
1 777 316
1 756 77
1 668 72
1 766 304
1 661 144
1 599 97
1 648 208
1 696 412
1 878 216
1 507 50
1 848 417
1 673 295
1 734 420
1 676 104
1 756 332
1 667 238
1 616 134
1 692 255
1 705 186
1 675 191
1 657 99
1 760 418
1 827 350
1 662 529
1 821 447
1 759 191
1 753 72
1 859 378
1 646 242
1 896 475
1 566 258
1 645 338
1 546 60
1 748 263
1 805 435
1 785 387
1 510 198
1 937 390
1 641 386
1 759 274
1 714 352
1 674 332
1 662 189
1 712 354
1 685 112
1 628 73
1 728 372
1 703 99
1 692 48
1 746 335
1 791 248
1 579 98
1 732 249
1 503 63
1 595 63
1 877 228
1 812 137
1 788 235
1 647 192
1 738 410
1 600 100
1 742 417
1 616 343
1 830 330
1 681 162
1 809 41
1 845 394
1 714 51
1 602 236
1 590 57
1 766 375
1 746 391
1 657 113
1 630 128
1 643 248
1 623 315
1 805 534
1 639 178
1 603 114
1 779 398
1 680 289
1 994 383
1 463 284
1 715 367
1 625 297
1 773 278
1 701 345
1 729 331
1 658 317
1 807 287
1 638 7
1 669 12
1 616 128
1 587 403
1 962 294
1 717 278
1 557 161
1 565 465
1 631 245
1 816 144
1 706 90
1 771 428
1 839 190
1 786 419
1 754 358
1 687 82
1 690 187
1 692 441
1 839 365
1 763 191
1 724 301
1 791 198
1 697 159
1 661 220
1 776 276
1 736 431
1 892 182
1 602 33
1 487 297
1 747 65
1 721 103
1 744 240
1 648 381
1 571 6
1 646 130
1 758 317
1 779 433
1 737 308
1 736 197
1 585 87
1 668 304
1 863 289
1 861 472
1 628 358
1 857 330
1 755 375
1 601 537
1 759 310
1 704 272
1 642 346
1 710 240
1 877 382
1 877 287
1 573 197
1 339 383
1 651 320
1 754 254
1 694 52
1 814 293
1 703 274
1 496 169
1 766 182
1 480 92
1 847 178
1 928 298
1 871 664
1 656 36
1 753 175
1 742 128
1 760 363
1 677 376
1 761 383
1 855 434
1 773 366
1 710 177
1 762 378
1 876 191
1 801 250
1 481 159
1 839 209
1 544 312
1 749 288
1 704 91
1 647 158
1 722 176
1 608 213
1 720 277
1 757 350
1 697 229
1 890 258
1 779 273
1 949 223
1 738 400
1 674 438
1 626 293
1 716 467
1 593 371
1 872 314
1 616 310
1 670 454
1 762 339
1 676 366
1 766 318
1 753 389
1 766 236
1 671 75
1 901 344
1 737 290
1 602 77
1 784 319
1 783 268
1 792 335
1 813 294
1 768 302
1 770 281
1 798 190
1 696 305
1 714 336
1 684 65
1 686 329
1 751 357
1 667 260
1 734 295
1 538 203
1 838 499
1 104 364
1 689 47
1 621 231
1 656 128
1 595 31
1 793 258
1 844 287
1 630 165
1 537 118
1 607 413
1 783 359
1 673 280
1 756 224
1 676 466
1 609 102
1 738 221
1 556 84
1 789 84
1 624 239
1 721 70
1 711 338
1 649 180
1 229 166
1 782 342
1 759 222
1 872 494
1 589 39
1 533 226
1 704 206
1 644 66
1 830 288
1 585 126
1 660 72
1 554 11
1 755 300
1 587 243
1 708 115
1 610 16
1 774 505
1 640 436
1 683 210
1 936 268
1 795 414
1 693 592
1 817 108
1 710 305
1 739 217
1 725 45
1 638 118
1 711 456
1 783 128
1 761 313
1 866 479
1 817 400
1 554 297
1 778 342
1 654 271
1 756 239
1 748 41
1 648 151
1 701 286
1 735 275
1 792 334
1 674 111
1 754 300
1 740 149
1 798 531
1 661 275
1 530 155
1 532 181
1 587 360
1 869 444
1 794 227
2 167 188
2 167 562
2 500 188
2 500 562
2 834 188
2 834 562
621
0 0
616 310
623 315
655 325
674 332
671 349
699 347
701 345
686 329
681 323
677 313
663 319
658 317
638 311
638 306
625 297
0 0
565 465
614 503
662 529
672 526
693 592
729 563
834 562
854 648
871 664
753 707
647 749
617 646
633 578
601 537
0 0
729 254
732 249
737 249
744 240
736 240
729 241
728 244
0 0
550 42
589 39
593 51
590 57
595 63
600 47
602 33
649 29
656 34
661 37
678 11
669 12
652 13
638 7
610 15
610 16
595 31
590 28
576 27
571 6
554 11
540 24
527 26
0 0
668 91
687 82
693 73
699 70
721 70
706 90
704 91
703 99
721 103
717 123
708 115
704 114
685 112
682 113
674 111
676 104
0 0
736 469
774 505
785 537
798 531
805 534
834 562
896 569
838 499
848 491
872 494
866 479
861 472
867 471
898 477
896 475
869 444
855 434
848 417
839 459
821 447
805 435
795 414
786 419
778 420
779 433
771 428
763 422
742 417
738 410
0 0
728 268
732 272
735 275
748 263
750 262
754 254
759 274
771 261
767 259
756 239
697 229
0 0
626 159
647 158
648 151
661 144
681 162
697 159
706 165
708 173
710 177
705 186
702 185
690 187
686 180
675 177
670 184
673 187
675 191
680 192
704 206
697 213
683 210
667 238
661 220
661 207
648 208
647 192
649 180
639 178
641 174
630 165
0 0
537 118
556 120
585 126
595 121
603 114
605 107
609 102
610 110
620 112
616 128
616 134
630 128
635 112
638 111
636 117
638 118
646 130
656 128
657 113
657 99
656 83
663 78
660 72
646 72
645 75
638 79
628 73
623 79
602 77
599 97
600 100
589 104
579 98
483 71
0 0
847 178
864 196
876 191
890 180
892 182
907 192
1000 201
949 223
935 244
936 268
928 298
908 303
911 240
899 256
890 258
878 250
877 228
878 216
871 216
872 212
839 190
834 188
0 0
554 297
594 302
598 279
626 293
637 296
655 305
651 320
649 322
649 324
645 338
642 346
628 358
623 337
617 345
616 343
595 339
567 325
544 312
0 0
585 87
624 88
663 83
671 75
668 72
671 63
684 65
678 59
675 58
669 54
644 66
626 65
0 0
665 436
674 438
692 441
694 435
694 432
736 431
711 456
716 467
734 504
700 483
684 468
676 466
670 454
553 425
167 188
0 0
587 403
607 413
596 422
595 425
615 448
617 442
628 437
629 426
640 436
655 407
648 381
641 383
643 387
641 386
638 386
598 365
593 371
587 360
574 355
0 0
748 319
758 317
762 315
761 313
755 311
759 310
766 304
773 313
770 321
762 339
757 350
754 358
753 355
737 334
167 188
0 0
734 377
739 375
755 375
760 363
762 378
761 383
765 384
766 375
770 372
772 378
769 395
767 394
753 389
746 391
743 397
738 400
725 400
715 396
167 188
0 0
749 288
760 287
770 281
773 278
776 276
781 281
768 302
763 301
755 300
754 300
747 298
734 295
0 0
656 36
689 47
692 48
690 55
694 52
714 51
725 45
724 14
748 41
741 62
747 65
753 72
756 77
789 60
789 84
757 114
737 130
714 126
702 123
677 120
167 188
0 0
511 133
530 155
557 161
554 181
538 203
533 226
510 198
511 191
496 169
491 157
482 164
481 159
0 0
692 271
703 274
717 278
720 277
725 286
734 288
737 290
737 308
736 308
724 301
703 296
0 0
463 284
487 297
544 282
554 275
544 253
566 258
587 243
602 236
603 251
618 270
623 270
654 271
643 248
646 242
641 245
631 245
624 239
617 242
621 231
608 213
585 218
580 220
569 225
573 197
532 181
511 179
0 0
779 273
787 289
796 290
800 288
813 294
814 293
827 287
830 288
841 306
830 330
851 348
864 347
864 334
857 330
872 314
901 344
907 319
877 287
863 289
851 278
844 287
832 274
815 259
801 250
500 188
0 0
662 189
724 219
727 221
738 221
739 217
751 216
750 212
759 191
753 175
715 179
712 177
683 171
0 0
773 366
783 359
801 379
817 400
844 382
845 394
858 395
865 386
877 382
859 378
853 372
841 365
839 365
827 365
834 351
827 350
813 342
807 346
804 352
792 335
792 334
782 342
778 342
775 342
756 332
757 323
500 188
0 0
734 195
736 197
763 191
766 182
798 190
791 198
794 226
794 227
788 235
791 248
788 250
793 258
793 263
783 270
783 268
772 258
763 240
766 236
759 222
756 224
750 222
743 228
713 243
710 240
699 231
167 188
0 0
480 92
516 109
532 93
556 84
546 60
513 73
503 63
513 50
507 50
419 38
0 0
715 314
714 325
718 334
714 336
711 338
711 345
714 352
712 354
715 360
731 363
731 360
746 356
751 357
748 363
728 372
717 372
715 367
691 372
167 188
0 0
656 384
696 412
702 417
677 376
676 366
658 353
654 348
659 341
668 304
673 295
692 303
696 305
705 306
710 305
718 309
728 311
711 285
701 286
680 289
673 280
661 275
500 188
0 0
104 364
339 383
413 402
734 420
748 421
760 418
778 409
779 398
785 387
746 335
737 328
729 331
731 321
704 272
692 255
685 249
676 264
671 265
667 260
612 179
500 188
359 195
229 166
0 0
776 165
803 184
834 188
839 209
828 227
835 257
825 278
807 287
789 296
780 311
788 320
784 319
781 317
777 316
766 318
0 0
742 128
751 126
767 131
783 128
814 112
817 108
809 60
809 41
903 84
816 144
812 137
768 161
740 161
740 149
740 147
500 188
0 0
704 145
706 157
722 176
834 188
962 294
994 383
937 390
928 420
913 434
914 399
898 397
875 408
0 0
