779
0 643 512
1 707 407
1 394 355
1 140 470
1 364 215
1 493 857
1 117 466
1 462 38
1 551 479
1 545 460
1 423 274
1 440 602
1 525 357
1 574 994
1 387 377
1 583 424
1 16 481
1 615 427
1 511 799
1 110 518
1 223 506
1 163 520
1 834 419
1 442 482
1 42 547
1 478 421
1 372 108
1 320 252
1 731 372
1 341 234
1 787 331
1 433 254
1 555 397
1 640 350
1 565 185
1 320 196
1 64 374
1 283 411
1 46 582
1 328 453
1 779 448
1 602 152
1 466 934
1 280 317
1 403 425
1 482 80
1 504 575
1 649 348
1 388 331
1 518 731
1 550 364
1 745 421
1 384 205
1 236 226
1 602 498
1 670 80
1 380 177
1 135 333
1 594 841
1 189 250
1 682 470
1 515 19
1 311 39
1 398 363
1 217 615
1 530 879
1 410 679
1 382 240
1 146 456
1 543 339
1 316 436
1 397 382
1 507 783
1 436 314
1 88 469
1 127 428
1 158 431
1 639 444
1 722 341
1 121 445
1 470 876
1 452 69
1 82 446
1 353 318
1 220 551
1 534 495
1 502 5
1 411 463
1 338 218
1 282 593
1 457 514
1 321 215
1 363 948
1 524 256
1 642 783
1 722 576
1 265 503
1 113 541
1 638 920
1 523 805
1 722 444
1 364 408
1 310 484
1 519 392
1 240 338
1 662 429
1 603 451
1 336 290
1 759 337
1 64 496
1 490 148
1 297 386
1 167 488
1 402 351
1 424 152
1 472 108
1 580 538
1 157 385
1 695 410
1 104 462
1 404 98
1 114 450
1 456 111
1 756 305
1 446 59
1 711 772
1 86 489
1 557 516
1 440 70
1 44 553
1 618 456
1 404 261
1 460 908
1 542 837
1 379 268
1 633 383
1 331 210
1 706 444
1 570 378
1 218 347
1 47 445
1 514 367
1 175 505
1 198 390
1 586 552
1 386 95
1 855 567
1 734 396
1 301 140
1 93 530
1 791 501
1 417 932
1 389 341
1 479 232
1 527 829
1 378 185
1 447 23
1 665 479
1 306 896
1 527 14
1 517 904
1 441 419
1 325 83
1 766 356
1 213 449
1 337 208
1 62 529
1 523 506
1 470 121
1 510 286
1 620 439
1 79 545
1 426 246
1 335 881
1 772 362
1 486 62
1 156 404
1 418 385
1 393 293
1 511 494
1 650 348
1 830 577
1 271 262
1 411 558
1 691 255
1 646 356
1 696 414
1 728 486
1 445 131
1 123 427
1 832 697
1 452 828
1 373 318
1 502 188
1 202 424
1 424 669
1 37 391
1 527 551
1 467 76
1 47 399
1 519 673
1 177 563
1 694 337
1 123 536
1 451 780
1 432 394
1 379 160
1 343 284
1 661 442
1 513 508
1 545 767
1 109 240
1 512 821
1 398 332
1 178 479
1 604 453
1 446 505
1 662 382
1 98 478
1 619 86
1 516 265
1 138 412
1 440 331
1 111 379
1 313 75
1 391 814
1 378 124
1 345 109
1 140 505
1 369 214
1 411 92
1 471 938
1 295 494
1 406 535
1 674 546
1 507 9
1 337 217
1 557 465
1 694 200
1 143 453
1 488 429
1 68 566
1 594 723
1 397 360
1 671 843
1 801 435
1 142 482
1 323 793
1 6 644
1 515 950
1 119 570
1 367 377
1 147 488
1 414 917
1 339 119
1 108 87
1 96 431
1 666 440
1 605 490
1 575 507
1 532 463
1 691 613
1 115 540
1 202 497
1 48 487
1 452 152
1 518 830
1 45 426
1 5 557
1 473 812
1 655 506
1 571 78
1 98 491
1 468 325
1 452 156
1 65 509
1 493 503
1 128 283
1 439 366
1 542 852
1 722 697
1 327 183
1 689 497
1 643 790
1 87 460
1 518 247
1 595 425
1 329 840
1 345 290
1 69 439
1 358 159
1 121 388
1 719 414
1 577 932
1 644 669
1 487 810
1 456 549
1 419 419
1 220 574
1 396 468
1 527 214
1 458 24
1 527 678
1 91 444
1 634 503
1 355 117
1 660 435
1 149 516
1 121 467
1 365 233
1 564 673
1 643 335
1 948 666
1 594 567
1 368 64
1 448 908
1 470 869
1 305 267
1 354 303
1 469 868
1 582 349
1 727 340
1 735 436
1 460 476
1 715 554
1 461 906
1 179 434
1 498 36
1 456 827
1 304 429
1 367 144
1 212 389
1 479 327
1 188 416
1 604 443
1 558 409
1 489 275
1 371 88
1 513 866
1 77 520
1 388 135
1 322 335
1 277 459
1 412 274
1 629 454
1 187 463
1 403 56
1 537 411
1 693 319
1 603 794
1 371 214
1 506 171
1 98 529
1 476 2
1 404 102
1 415 273
1 646 464
1 578 488
1 404 330
1 80 541
1 512 538
1 13 417
1 109 606
1 482 173
1 654 46
1 14 285
1 483 231
1 501 824
1 95 565
1 526 585
1 664 331
1 56 415
1 560 452
1 398 275
1 388 344
1 350 350
1 148 546
1 419 366
1 37 552
1 510 758
1 154 358
1 588 23
1 317 496
1 335 338
1 610 553
1 101 531
1 597 86
1 123 393
1 682 434
1 779 374
1 118 357
1 478 137
1 458 252
1 496 396
1 235 313
1 725 432
1 492 69
1 443 349
1 429 390
1 443 58
1 596 262
1 340 304
1 361 281
1 358 258
1 289 187
1 313 208
1 497 189
1 297 425
1 443 516
1 543 458
1 797 465
1 513 45
1 416 336
1 564 201
1 435 16
1 357 400
1 537 509
1 364 62
1 709 500
1 539 440
1 179 201
1 492 865
1 429 5
1 126 408
1 667 984
1 265 491
1 541 338
1 399 351
1 100 480
1 327 163
1 678 434
1 173 106
1 438 63
1 327 276
1 98 557
1 346 168
1 135 440
1 386 214
1 345 84
1 79 687
1 516 484
1 773 468
1 244 603
1 45 401
1 87 537
1 261 108
1 390 262
1 451 812
1 384 935
1 448 83
1 515 532
1 489 973
1 657 919
1 338 317
1 114 522
1 334 393
1 293 326
1 648 460
1 420 336
1 393 348
1 334 288
1 672 434
1 177 517
1 350 158
1 643 781
1 514 33
1 662 863
1 254 350
1 402 378
1 332 925
1 710 395
1 388 325
1 256 400
1 207 297
1 532 516
1 800 371
1 64 440
1 574 924
1 398 75
1 509 86
1 455 472
1 478 223
1 31 603
1 120 491
1 141 450
1 468 101
1 268 677
1 85 472
1 387 214
1 426 270
1 381 324
1 178 485
1 457 865
1 562 354
1 567 453
1 640 442
1 413 912
1 403 427
1 523 918
1 348 343
1 389 370
1 453 486
1 573 379
1 191 580
1 666 551
1 423 683
1 319 275
1 612 413
1 459 44
1 683 490
1 786 466
1 428 878
1 596 138
1 473 859
1 592 373
1 381 210
1 127 314
1 716 359
1 384 243
1 93 482
1 760 471
1 194 604
1 377 303
1 768 315
1 727 512
1 421 623
1 109 807
1 409 79
1 55 365
1 508 407
1 399 120
1 729 403
1 197 490
1 492 445
1 338 393
1 146 443
1 241 369
1 641 437
1 716 603
1 646 486
1 598 569
1 132 542
1 384 384
1 617 237
1 609 513
1 449 444
1 808 393
1 626 449
1 773 960
1 670 376
1 777 492
1 146 551
1 449 809
1 828 575
1 360 508
1 94 660
1 473 382
1 470 821
1 434 322
1 763 520
1 170 460
1 354 262
1 44 445
1 301 175
1 717 388
1 123 484
1 843 415
1 69 466
1 796 452
1 332 777
1 413 237
1 351 384
1 721 522
1 821 294
1 185 440
1 396 325
1 272 191
1 419 258
1 391 760
1 515 18
1 637 988
1 876 412
1 327 110
1 90 512
1 630 373
1 680 354
1 224 510
1 564 151
1 528 173
1 474 967
1 414 347
1 135 481
1 455 897
1 453 24
1 332 558
1 516 867
1 562 814
1 418 933
1 148 784
1 511 480
1 551 776
1 725 450
1 641 263
1 469 558
1 101 446
1 43 517
1 517 138
1 123 383
1 567 415
1 399 115
1 99 504
1 209 156
1 724 617
1 570 935
1 664 488
1 479 56
1 432 59
1 755 709
1 649 209
1 351 149
1 387 178
1 80 463
1 360 169
1 541 838
1 640 488
1 298 260
1 287 721
1 382 315
1 659 867
1 322 258
1 205 652
1 616 354
1 218 21
1 529 714
1 828 384
1 630 396
1 374 408
1 558 250
1 331 335
1 477 75
1 43 364
1 404 366
1 590 632
1 526 74
1 353 335
1 571 270
1 83 360
1 459 934
1 196 555
1 202 337
1 200 385
1 123 437
1 682 409
1 409 376
1 476 39
1 461 174
1 531 448
1 467 127
1 566 402
1 549 831
1 379 273
1 133 461
1 469 68
1 302 430
1 66 510
1 517 292
1 557 57
1 380 411
1 89 524
1 544 311
1 429 219
1 539 887
1 498 861
1 451 15
1 445 659
1 400 240
1 298 186
1 437 355
1 250 655
1 534 558
1 456 479
1 506 804
1 148 404
1 308 962
1 296 419
1 368 320
1 466 505
1 388 190
1 577 164
1 417 375
1 535 830
1 784 347
1 435 53
1 393 173
1 520 751
1 611 658
1 644 335
1 683 655
1 111 557
1 453 44
1 215 464
1 416 198
1 491 848
1 261 548
1 334 468
1 558 308
1 180 394
1 535 942
1 656 628
1 446 325
1 647 503
1 624 371
1 271 71
1 364 389
1 468 103
1 217 249
1 550 410
1 339 322
1 532 826
1 96 395
1 543 380
1 30 452
1 60 500
1 357 65
1 358 152
1 577 491
1 718 433
1 232 501
1 346 235
1 358 411
1 663 543
1 459 113
1 49 567
1 436 854
1 136 439
1 765 305
1 529 87
1 130 452
1 490 841
1 592 865
1 283 390
1 357 323
1 323 281
1 533 53
1 746 699
1 358 957
1 400 325
1 150 462
1 395 247
2 100 85
2 100 250
2 100 416
2 100 581
2 100 747
2 100 912
2 288 85
2 288 250
2 288 416
2 288 581
2 288 747
2 288 912
2 477 85
2 477 250
2 477 416
2 477 581
2 477 747
2 477 912
2 666 85
2 666 250
2 666 416
2 666 581
2 666 747
2 666 912
2 854 85
2 854 250
2 854 416
2 854 581
2 854 747
2 854 912
913
643 512
634 503
640 488
646 486
665 479
664 488
655 506
647 503
643 512
456 479
453 486
442 482
446 505
443 516
457 514
466 505
643 512
345 290
343 284
361 281
354 262
390 262
404 261
477 250
643 512
513 866
516 867
517 904
523 918
535 942
539 887
530 879
542 852
666 747
643 512
527 14
502 5
507 9
515 18
515 19
514 33
498 36
513 45
477 85
643 512
388 325
381 324
382 315
377 303
393 293
643 512
492 865
477 912
461 906
460 908
466 934
459 934
448 908
455 897
469 868
643 512
364 215
369 214
371 214
381 210
384 205
386 214
387 214
477 250
643 512
132 542
123 536
115 540
113 541
101 531
98 557
95 565
119 570
288 581
643 512
493 503
460 476
449 444
492 445
643 512
467 127
470 121
459 113
456 111
477 85
468 101
468 103
472 108
478 137
643 512
512 821
498 861
493 857
491 848
490 841
501 824
643 512
680 354
694 337
693 319
722 341
727 340
716 359
731 372
710 395
643 512
590 632
564 673
527 678
519 673
526 585
643 512
455 472
411 463
396 468
403 427
403 425
419 419
441 419
643 512
327 183
327 163
346 168
350 158
351 149
358 152
367 144
477 250
643 512
551 479
532 463
545 460
543 458
539 440
560 452
557 465
643 512
725 450
735 436
745 421
725 432
718 433
722 444
706 444
643 512
683 490
728 486
760 471
727 512
721 522
643 512
66 510
65 509
64 496
60 500
43 517
62 529
77 520
87 537
100 581
643 512
527 214
528 173
506 171
490 148
482 173
502 188
497 189
478 223
477 250
643 512
360 508
317 496
265 491
310 484
334 468
643 512
461 174
452 156
452 152
445 131
399 120
388 135
424 152
477 250
643 512
261 548
220 551
196 555
220 574
194 604
217 615
244 603
288 581
643 512
355 117
345 109
327 110
261 108
301 140
301 175
298 186
289 187
272 191
288 250
643 512
147 488
142 482
135 481
123 484
98 491
100 480
117 466
121 467
140 470
288 416
643 512
440 602
421 623
410 679
391 760
423 683
424 669
445 659
643 512
187 463
170 460
167 488
178 485
178 479
197 490
288 416
643 512
724 617
746 699
755 709
711 772
722 697
683 655
643 512
639 444
640 442
641 437
660 435
661 442
648 460
646 464
643 512
241 369
154 358
135 333
127 314
128 283
100 250
109 240
189 250
207 297
240 338
643 512
419 366
414 347
416 336
437 355
439 366
643 512
420 336
404 330
400 325
396 325
389 341
388 344
394 355
643 512
534 495
516 484
511 480
511 494
513 508
523 506
532 516
643 512
83 360
55 365
43 364
64 374
100 416
643 512
551 776
523 805
527 829
532 826
535 830
541 838
542 837
549 831
562 814
643 512
516 265
524 256
518 247
483 231
479 232
458 252
489 275
510 286
643 512
434 322
398 275
379 273
379 268
395 247
400 240
419 258
643 512
515 532
512 538
406 535
456 549
469 558
504 575
643 512
656 628
691 613
716 603
722 576
715 554
674 546
643 512
531 448
488 429
478 421
496 396
508 407
519 392
643 512
448 83
440 70
438 63
432 59
443 58
446 59
467 76
477 85
643 512
800 371
808 393
828 384
876 412
843 415
834 419
786 466
773 468
643 512
402 351
399 351
397 360
398 363
404 366
643 512
773 960
666 912
667 984
637 988
574 994
577 932
638 920
657 919
659 867
643 512
202 424
188 416
185 440
179 434
158 431
156 404
180 394
198 390
200 385
212 389
288 416
643 512
707 407
717 388
734 396
729 403
719 414
643 512
571 270
558 250
564 201
577 164
564 151
596 138
602 152
666 416
643 512
603 794
594 841
592 865
662 863
671 843
643 790
642 783
643 781
643 512
411 558
332 558
282 593
191 580
177 563
146 551
111 557
100 581
109 606
205 652
250 655
268 677
287 721
332 777
643 512
574 924
570 935
515 950
489 973
474 967
471 938
477 912
518 830
643 512
254 350
280 317
293 326
322 335
331 335
335 338
353 335
477 416
643 512
397 382
384 384
367 377
387 377
389 370
402 378
409 376
417 375
643 512
629 454
626 449
604 443
603 451
604 453
643 512
777 492
797 465
796 452
801 435
779 448
643 512
295 494
265 503
232 501
224 510
223 506
202 497
215 464
213 449
288 416
643 512
610 553
598 569
594 567
586 552
580 538
557 516
575 507
602 498
643 512
146 456
143 453
141 450
136 439
135 440
130 452
133 461
150 462
288 581
643 512
329 840
335 881
306 896
288 912
332 925
308 962
358 957
363 948
384 935
643 512
479 56
476 39
476 2
451 15
453 24
458 24
462 38
477 85
643 512
473 812
470 821
457 865
436 854
451 812
449 809
477 747
643 512
426 270
413 237
426 246
433 254
643 512
120 491
99 504
90 512
86 489
93 482
98 478
85 472
88 469
87 460
100 416
643 512
570 378
573 379
592 373
582 349
616 354
624 371
630 396
643 512
236 226
217 249
179 201
209 156
173 106
108 87
100 85
218 21
271 71
643 512
423 274
415 273
412 274
436 314
643 512
555 397
543 380
514 367
525 357
541 338
543 339
562 354
550 364
643 512
779 374
772 362
766 356
784 347
787 331
821 294
759 337
768 315
765 305
756 305
691 255
643 512
80 463
44 445
47 445
64 440
69 439
82 446
91 444
100 416
643 512
380 411
374 408
357 400
358 411
364 408
643 512
146 443
123 437
121 445
114 450
101 446
96 431
123 427
127 428
288 416
643 512
148 404
138 412
126 408
123 393
121 388
123 383
111 379
118 357
288 416
643 512
618 456
620 439
615 427
612 413
595 425
583 424
643 512
378 124
372 108
371 88
345 84
357 65
368 64
386 95
477 250
643 512
339 119
325 83
313 75
288 85
311 39
364 62
403 56
398 75
409 79
404 98
404 102
643 512
56 415
45 426
13 417
37 391
45 401
47 399
100 416
643 512
302 430
297 425
296 419
288 416
283 411
256 400
283 390
297 386
643 512
337 208
320 196
313 208
321 215
331 210
337 217
338 218
477 416
643 512
339 322
338 317
340 304
334 288
336 290
353 318
393 348
643 512
473 859
470 869
470 876
418 933
417 932
414 917
413 912
428 878
477 747
643 512
323 793
148 784
109 807
100 747
79 687
94 660
6 644
31 603
46 582
100 581
643 512
565 185
526 74
533 53
557 57
588 23
571 78
597 86
619 86
654 46
670 80
666 85
643 512
479 327
468 325
446 325
440 331
443 349
473 382
643 512
537 411
550 410
558 409
566 402
567 415
643 512
218 347
202 337
157 385
96 395
100 416
104 462
643 512
689 497
709 500
763 520
791 501
828 575
830 577
855 567
854 581
948 666
832 697
643 512
114 522
110 518
98 529
93 530
89 524
80 541
79 545
100 581
643 512
358 258
322 258
320 252
305 267
319 275
323 281
327 276
354 303
477 416
643 512
175 505
177 517
163 520
149 516
140 505
148 546
288 581
643 512
432 394
429 390
418 385
351 384
364 389
643 512
328 453
277 459
304 429
316 436
334 393
338 393
350 350
348 343
477 416
643 512
633 383
630 373
640 350
646 356
670 376
662 382
662 429
643 512
44 553
42 547
37 552
5 557
49 567
68 566
100 581
643 512
663 543
609 513
537 509
577 491
578 488
605 490
643 512
529 714
518 731
520 751
510 758
507 783
545 767
594 723
643 512
664 331
641 263
694 200
649 209
617 237
596 262
643 335
644 335
643 512
666 551
644 669
611 658
534 558
527 551
567 453
643 512
492 69
486 62
469 68
452 69
477 75
482 80
477 85
643 512
69 466
48 487
16 481
30 452
100 416
14 285
100 250
643 512
388 190
378 185
380 177
360 169
358 159
379 160
393 173
387 178
477 250
643 512
235 313
271 262
288 250
298 260
341 234
346 235
365 233
382 240
384 243
643 512
544 311
517 292
373 318
368 320
357 323
388 331
398 332
643 512
399 115
411 92
435 53
429 5
435 16
447 23
453 44
459 44
477 85
643 512
650 348
649 348
517 138
529 87
509 86
416 198
429 219
477 250
558 308
643 512
682 434
696 414
695 410
682 409
678 434
672 434
666 440
643 512
682 470
511 799
506 804
487 810
456 827
452 828
391 814
451 780
477 747
643 512
