579
0 0 0
1 753 355
1 663 83
1 725 286
1 734 504
1 704 145
1 728 311
1 675 58
1 617 242
1 864 334
1 772 258
1 516 109
1 717 123
1 768 161
1 598 365
1 896 569
1 781 281
1 898 397
1 714 126
1 780 311
1 809 60
1 728 244
1 724 219
1 712 177
1 694 432
1 491 157
1 854 648
1 612 179
1 623 337
1 788 320
1 772 378
1 736 308
1 692 303
1 737 334
1 576 27
1 731 360
1 763 301
1 633 578
1 935 244
1 513 73
1 511 133
1 671 349
1 729 254
1 771 261
1 851 278
1 827 365
1 682 113
1 553 425
1 544 282
1 706 165
1 527 26
1 580 220
1 908 303
1 841 306
1 656 34
1 864 196
1 618 270
1 699 347
1 787 289
1 678 11
1 643 387
1 757 114
1 858 395
1 706 157
1 713 243
1 663 319
1 615 448
1 898 477
1 767 131
1 718 334
1 871 216
1 694 435
1 617 345
1 645 75
1 513 50
1 767 259
1 773 313
1 589 104
1 760 287
1 595 425
1 763 240
1 569 225
1 702 417
1 593 51
1 656 83
1 532 93
1 834 351
1 832 274
1 751 126
1 796 290
1 872 212
1 835 257
1 702 185
1 673 187
1 596 422
1 740 147
1 890 180
1 556 120
1 638 386
1 748 319
1 620 112
1 794 226
1 641 383
1 594 302
1 725 400
1 731 321
1 703 296
1 614 503
1 715 179
1 781 317
1 841 365
1 783 270
1 778 420
1 770 372
1 907 192
1 913 434
1 647 749
1 683 171
1 649 324
1 359 195
1 867 471
1 585 218
1 757 323
1 914 399
1 681 323
1 603 251
1 554 275
1 762 315
1 813 342
1 801 379
1 724 14
1 775 342
1 727 221
1 715 314
1 731 363
1 788 250
1 649 29
1 655 407
1 567 325
1 624 88
1 763 422
1 669 54
1 785 537
1 765 384
1 654 348
1 677 313
1 848 491
1 814 112
1 699 70
1 658 353
1 550 42
1 853 372
1 540 24
1 626 65
1 661 37
1 769 395
1 715 396
1 714 325
1 729 241
1 692 271
1 638 306
1 715 360
1 697 213
1 704 114
1 699 231
1 911 240
1 789 296
1 598 279
1 656 384
1 636 117
1 637 296
1 864 347
1 844 382
1 595 121
1 590 28
1 734 288
1 641 174
1 789 60
1 729 563
1 839 459
1 685 249
1 626 159
1 610 15
1 671 265
1 1000 201
1 875 408
1 419 38
1 671 63
1 693 73
1 803 184
1 690 55
1 680 192
1 511 191
1 899 256
1 610 110
1 827 287
1 672 526
1 751 216
1 755 311
1 770 321
1 750 262
1 665 436
1 595 339
1 743 228
1 748 421
1 736 240
1 747 298
1 511 179
1 753 707
1 413 402
1 628 437
1 661 207
1 737 328
1 711 285
1 655 325
1 800 288
1 804 352
1 678 59
1 623 79
1 825 278
1 736 469
1 728 268
1 675 177
1 641 245
1 686 180
1 617 646
1 903 84
1 646 72
1 778 409
1 865 386
1 928 420
1 668 91
1 702 123
1 705 306
1 574 355
1 684 468
1 700 483
1 617 442
1 629 426
1 767 394
1 750 212
1 828 227
1 544 253
1 605 107
1 746 356
1 737 130
1 638 79
1 600 47
1 734 377
1 652 13
1 482 164
1 737 249
1 740 161
1 554 181
1 623 270
1 748 363
1 655 305
1 878 250
1 638 311
1 743 397
1 663 78
1 649 322
1 718 309
1 711 345
1 750 222
1 734 195
1 691 372
1 676 264
1 793 263
1 638 111
1 717 372
1 670 184
1 635 112
1 677 120
1 708 173
1 741 62
1 483 71
1 851 348
1 776 165
1 807 346
1 659 341
1 732 272
1 815 259
1 739 375
1 907 319
1 777 316
1 756 77
1 668 72
1 766 304
1 661 144
1 599 97
1 648 208
1 696 412
1 878 216
1 507 50
1 848 417
1 673 295
1 734 420
1 676 104
1 756 332
1 667 238
1 616 134
1 692 255
1 705 186
1 675 191
1 657 99
1 760 418
1 827 350
1 662 529
1 821 447
1 759 191
1 753 72
1 859 378
1 646 242
1 896 475
1 566 258
1 645 338
1 546 60
1 748 263
1 805 435
1 785 387
1 510 198
1 937 390
1 641 386
1 759 274
1 714 352
1 674 332
1 662 189
1 712 354
1 685 112
1 628 73
1 728 372
1 703 99
1 692 48
1 746 335
1 791 248
1 579 98
1 732 249
1 503 63
1 595 63
1 877 228
1 812 137
1 788 235
1 647 192
1 738 410
1 600 100
1 742 417
1 616 343
1 830 330
1 681 162
1 809 41
1 845 394
1 714 51
1 602 236
1 590 57
1 766 375
1 746 391
1 657 113
1 630 128
1 643 248
1 623 315
1 805 534
1 639 178
1 603 114
1 779 398
1 680 289
1 994 383
1 463 284
1 715 367
1 625 297
1 773 278
1 701 345
1 729 331
1 658 317
1 807 287
1 638 7
1 669 12
1 616 128
1 587 403
1 962 294
1 717 278
1 557 161
1 565 465
1 631 245
1 816 144
1 706 90
1 771 428
1 839 190
1 786 419
1 754 358
1 687 82
1 690 187
1 692 441
1 839 365
1 763 191
1 724 301
1 791 198
1 697 159
1 661 220
1 776 276
1 736 431
1 892 182
1 602 33
1 487 297
1 747 65
1 721 103
1 744 240
1 648 381
1 571 6
1 646 130
1 758 317
1 779 433
1 737 308
1 736 197
1 585 87
1 668 304
1 863 289
1 861 472
1 628 358
1 857 330
1 755 375
1 601 537
1 759 310
1 704 272
1 642 346
1 710 240
1 877 382
1 877 287
1 573 197
1 339 383
1 651 320
1 754 254
1 694 52
1 814 293
1 703 274
1 496 169
1 766 182
1 480 92
1 847 178
1 928 298
1 871 664
1 656 36
1 753 175
1 742 128
1 760 363
1 677 376
1 761 383
1 855 434
1 773 366
1 710 177
1 762 378
1 876 191
1 801 250
1 481 159
1 839 209
1 544 312
1 749 288
1 704 91
1 647 158
1 722 176
1 608 213
1 720 277
1 757 350
1 697 229
1 890 258
1 779 273
1 949 223
1 738 400
1 674 438
1 626 293
1 716 467
1 593 371
1 872 314
1 616 310
1 670 454
1 762 339
1 676 366
1 766 318
1 753 389
1 766 236
1 671 75
1 901 344
1 737 290
1 602 77
1 784 319
1 783 268
1 792 335
1 813 294
1 768 302
1 770 281
1 798 190
1 696 305
1 714 336
1 684 65
1 686 329
1 751 357
1 667 260
1 734 295
1 538 203
1 838 499
1 104 364
1 689 47
1 621 231
1 656 128
1 595 31
1 793 258
1 844 287
1 630 165
1 537 118
1 607 413
1 783 359
1 673 280
1 756 224
1 676 466
1 609 102
1 738 221
1 556 84
1 789 84
1 624 239
1 721 70
1 711 338
1 649 180
1 229 166
1 782 342
1 759 222
1 872 494
1 589 39
1 533 226
1 704 206
1 644 66
1 830 288
1 585 126
1 660 72
1 554 11
1 755 300
1 587 243
1 708 115
1 610 16
1 774 505
1 640 436
1 683 210
1 936 268
1 795 414
1 693 592
1 817 108
1 710 305
1 739 217
1 725 45
1 638 118
1 711 456
1 783 128
1 761 313
1 866 479
1 817 400
1 554 297
1 778 342
1 654 271
1 756 239
1 748 41
1 648 151
1 701 286
1 735 275
1 792 334
1 674 111
1 754 300
1 740 149
1 798 531
1 661 275
1 530 155
1 532 181
1 587 360
1 869 444
1 794 227
2 167 188
2 167 562
2 500 188
2 500 562
2 834 188
2 834 562
618
0 0
607 413
629 426
628 437
640 436
665 436
674 438
670 454
676 466
684 468
700 483
736 469
716 467
711 456
692 441
694 435
694 432
696 412
702 417
734 420
736 431
748 421
742 417
738 410
738 400
725 400
715 396
691 372
676 366
500 188
0 0
419 38
507 50
513 50
527 26
540 24
554 11
576 27
590 28
595 31
600 47
593 51
546 60
513 73
503 63
483 71
0 0
721 70
714 51
725 45
724 14
748 41
741 62
747 65
753 72
756 77
789 84
789 60
809 60
809 41
903 84
817 108
814 112
812 137
816 144
783 128
767 131
757 114
751 126
742 128
737 130
500 188
0 0
749 288
763 301
766 304
768 302
780 311
784 319
781 317
777 316
773 313
770 321
766 318
762 315
761 313
758 317
757 323
737 328
731 321
714 325
167 188
0 0
608 213
685 249
692 255
692 271
703 274
704 272
717 278
720 277
728 268
732 272
735 275
734 288
725 286
711 285
703 296
692 303
680 289
0 0
778 409
778 420
786 419
795 414
817 400
845 394
844 382
853 372
859 378
865 386
877 382
875 408
928 420
913 434
898 477
896 475
867 471
861 472
866 479
848 491
838 499
834 562
805 534
798 531
785 537
839 459
821 447
805 435
779 433
771 428
763 422
760 418
0 0
648 151
704 145
706 157
706 165
712 177
710 177
708 173
697 159
681 162
647 158
0 0
674 332
701 345
711 345
714 352
712 354
715 360
715 367
717 372
731 363
731 360
737 334
729 331
718 334
714 336
711 338
681 323
663 319
0 0
753 175
768 161
776 165
766 182
791 198
798 190
803 184
834 188
839 190
794 226
794 227
801 250
791 248
788 250
788 235
759 222
756 224
743 228
750 222
750 212
736 197
734 195
0 0
792 334
792 335
804 352
807 346
813 342
827 350
827 365
839 365
841 365
851 348
864 347
864 334
857 330
841 306
844 287
830 288
827 287
814 293
813 294
807 287
800 288
796 290
787 289
500 188
0 0
544 282
594 302
616 310
623 315
623 337
642 346
645 338
659 341
655 325
649 324
649 322
651 320
658 317
668 304
655 305
638 311
638 306
637 296
626 293
625 297
554 275
0 0
616 128
616 134
630 128
646 130
656 128
661 144
675 177
670 184
673 187
680 192
675 191
662 189
661 207
661 220
648 208
647 192
649 180
639 178
641 174
630 165
626 159
612 179
0 0
624 88
702 123
714 126
740 147
740 149
740 161
722 176
715 179
705 186
702 185
690 187
686 180
683 171
0 0
601 537
633 578
617 646
647 749
753 707
871 664
854 648
834 562
729 563
693 592
672 526
662 529
614 503
565 465
0 0
359 195
463 284
487 297
544 312
554 297
567 325
574 355
587 360
593 371
598 365
617 345
616 343
598 279
618 270
623 270
603 251
587 243
566 258
544 253
533 226
538 203
482 164
0 0
580 220
585 218
621 231
646 242
667 238
667 260
671 265
676 264
673 280
673 295
677 313
661 275
654 271
643 248
641 245
631 245
624 239
617 242
602 236
569 225
0 0
532 93
556 84
585 87
579 98
589 104
599 97
600 100
609 102
605 107
603 114
610 110
620 112
635 112
636 117
638 118
638 111
657 99
656 83
645 75
646 72
644 66
626 65
628 73
623 79
602 77
595 63
590 57
550 42
0 0
759 191
763 191
834 188
847 178
864 196
876 191
890 180
892 182
907 192
1000 201
949 223
935 244
911 240
899 256
890 258
878 250
877 228
878 216
872 212
871 216
751 216
739 217
738 221
0 0
759 274
770 281
773 278
776 276
781 281
783 270
783 268
779 273
750 262
748 263
0 0
595 339
628 358
654 348
658 353
671 349
686 329
699 347
728 372
734 377
677 376
656 384
648 381
641 383
638 386
641 386
643 387
655 407
617 442
615 448
595 425
596 422
587 403
553 425
167 188
0 0
701 286
724 301
734 295
737 290
747 298
754 300
755 300
759 310
755 311
748 319
737 308
736 308
728 311
718 309
715 314
710 305
705 306
696 305
0 0
815 259
825 278
832 274
851 278
863 289
872 314
907 319
901 344
898 397
914 399
937 390
994 383
962 294
936 268
928 298
908 303
877 287
835 257
828 227
839 209
834 188
0 0
480 92
511 133
530 155
532 181
510 198
511 191
511 179
496 169
491 157
481 159
229 166
0 0
746 356
754 358
760 363
755 375
762 378
766 375
772 378
770 372
773 366
783 359
801 379
785 387
779 398
769 395
767 394
765 384
761 383
753 389
746 391
743 397
167 188
0 0
589 39
602 33
649 29
656 34
656 36
661 37
669 54
660 72
663 78
671 75
668 72
671 63
675 58
678 59
684 65
690 55
694 52
692 48
689 47
678 11
669 12
652 13
638 7
610 15
610 16
571 6
0 0
746 335
756 332
788 320
782 342
778 342
775 342
762 339
757 350
753 355
751 357
748 363
739 375
167 188
0 0
104 364
339 383
413 402
573 197
554 181
557 161
556 120
537 118
516 109
0 0
732 249
737 249
754 254
767 259
771 261
772 258
793 263
793 258
766 236
763 240
756 239
744 240
736 240
0 0
585 126
595 121
657 113
676 104
674 111
677 120
682 113
685 112
704 114
708 115
717 123
721 103
703 99
704 91
706 90
699 70
693 73
687 82
668 91
638 79
0 0
697 229
699 231
710 240
713 243
728 244
729 241
727 221
724 219
704 206
697 213
683 210
0 0
729 254
663 83
0 0
734 504
774 505
896 569
872 494
869 444
855 434
848 417
858 395
834 351
830 330
789 296
760 287
500 188
0 0
