39
0 292 495
1 298 427
1 309 445
1 307 464
1 336 475
1 320 439
1 321 437
1 322 437
1 323 433
1 324 433
1 323 429
1 314 435
1 311 442
1 304 427
1 293 421
1 296 418
1 261 384
1 297 410
1 315 407
1 314 406
1 321 391
1 321 398
1 314 394
1 313 378
1 304 382
1 295 402
1 283 406
1 279 399
1 271 401
1 264 414
1 277 439
1 290 434
1 319 433
2 280 398
2 280 437
2 280 476
2 318 398
2 318 437
2 318 476
39
292 495
304 427
296 418
297 410
295 402
304 382
313 378
314 394
321 391
321 398
318 398
314 406
315 407
323 429
321 437
320 439
292 495
283 406
279 399
280 398
261 384
271 401
264 414
292 495
336 475
322 437
324 433
323 433
319 433
314 435
311 442
309 445
292 495
277 439
290 434
293 421
298 427
307 464
292 495
