1010
0 2 857
1 407 102
1 915 965
1 797 45
1 997 241
1 650 683
1 748 248
1 99 174
1 2 545
1 277 689
1 568 771
1 76 105
1 117 973
1 171 971
1 327 183
1 277 697
1 269 246
1 670 18
1 51 901
1 951 696
1 710 102
1 61 465
1 348 606
1 551 243
1 524 793
1 89 582
1 900 748
1 235 368
1 122 587
1 449 781
1 970 38
1 362 490
1 742 267
1 289 115
1 898 957
1 996 922
1 951 633
1 713 779
1 603 247
1 402 363
1 143 0
1 274 608
1 81 422
1 550 408
1 43 699
1 482 575
1 909 254
1 613 37
1 202 575
1 297 297
1 736 288
1 464 127
1 499 491
1 635 531
1 796 328
1 184 941
1 641 824
1 863 673
1 396 950
1 555 631
1 664 966
1 301 260
1 425 990
1 559 746
1 431 827
1 724 472
1 847 51
1 888 721
1 136 331
1 859 627
1 206 5
1 429 381
1 798 918
1 886 684
1 123 488
1 779 445
1 764 43
1 938 743
1 800 398
1 734 20
1 211 678
1 601 545
1 512 403
1 796 106
1 644 810
1 416 973
1 115 435
1 667 91
1 395 941
1 374 546
1 546 191
1 754 255
1 124 588
1 423 929
1 314 637
1 668 268
1 321 786
1 960 423
1 11 499
1 721 692
1 803 584
1 337 475
1 806 773
1 429 478
1 214 547
1 361 166
1 944 218
1 12 468
1 527 255
1 789 724
1 250 862
1 892 896
1 545 806
1 832 12
1 628 495
1 194 884
1 395 309
1 655 39
1 558 175
1 247 947
1 36 394
1 877 451
1 599 724
1 83 489
1 754 703
1 65 35
1 889 230
1 938 307
1 662 394
1 248 220
1 642 549
1 747 86
1 201 643
1 400 574
1 653 798
1 653 904
1 643 138
1 951 307
1 793 865
1 500 726
1 585 586
1 285 769
1 511 898
1 336 912
1 454 207
1 239 951
1 335 815
1 911 708
1 2 239
1 602 984
1 372 799
1 177 756
1 816 435
1 617 639
1 806 796
1 793 584
1 803 561
1 479 831
1 397 20
1 618 113
1 702 902
1 838 111
1 989 451
1 215 154
1 581 757
1 294 174
1 997 332
1 350 909
1 335 941
1 906 354
1 920 675
1 493 469
1 187 284
1 678 127
1 831 755
1 316 319
1 188 134
1 73 608
1 884 613
1 193 831
1 717 851
1 508 52
1 809 556
1 705 769
1 983 312
1 847 359
1 415 658
1 132 789
1 520 413
1 913 564
1 90 256
1 960 936
1 693 559
1 980 347
1 300 456
1 376 144
1 192 177
1 272 525
1 88 626
1 772 743
1 540 206
1 474 559
1 575 901
1 241 949
1 583 602
1 215 48
1 460 683
1 81 368
1 998 835
1 585 234
1 522 137
1 294 501
1 788 392
1 621 498
1 116 698
1 81 236
1 788 277
1 817 861
1 678 560
1 351 354
1 156 507
1 617 486
1 218 189
1 213 23
1 884 616
1 923 177
1 829 814
1 479 307
1 285 153
1 584 878
1 176 928
1 166 656
1 507 183
1 907 171
1 7 792
1 995 412
1 22 787
1 149 784
1 649 933
1 885 309
1 131 560
1 22 81
1 502 640
1 462 970
1 465 114
1 192 569
1 547 473
1 557 408
1 480 579
1 775 395
1 845 753
1 701 529
1 962 95
1 842 847
1 31 68
1 627 629
1 524 322
1 918 853
1 823 774
1 775 894
1 109 935
1 478 480
1 511 488
1 785 899
1 487 121
1 453 440
1 470 598
1 1 111
1 756 89
1 728 583
1 647 753
1 973 391
1 842 559
1 637 397
1 72 370
1 948 485
1 999 268
1 471 517
1 350 131
1 381 534
1 310 467
1 973 212
1 164 485
1 429 565
1 186 426
1 838 897
1 779 143
1 452 1
1 866 928
1 214 623
1 532 586
1 513 152
1 915 772
1 204 585
1 343 558
1 877 720
1 730 272
1 364 617
1 210 569
1 514 296
1 33 761
1 202 695
1 706 395
1 597 866
1 376 83
1 679 434
1 483 578
1 0 299
1 639 101
1 709 590
1 774 925
1 804 864
1 528 192
1 660 561
1 888 7
1 788 712
1 79 750
1 854 884
1 710 665
1 939 390
1 156 683
1 62 737
1 207 501
1 944 334
1 952 915
1 14 440
1 923 386
1 693 370
1 485 885
1 890 951
1 478 956
1 782 216
1 104 50
1 822 370
1 73 108
1 7 981
1 987 382
1 397 439
1 986 513
1 871 661
1 636 866
1 154 39
1 70 100
1 75 647
1 383 5
1 86 692
1 263 570
1 26 218
1 892 317
1 139 60
1 76 883
1 336 44
1 648 837
1 713 447
1 98 769
1 316 688
1 470 613
1 157 295
1 499 223
1 482 100
1 3 209
1 280 692
1 525 6
1 54 122
1 220 208
1 838 860
1 0 143
1 455 989
1 923 705
1 41 665
1 829 426
1 809 821
1 238 811
1 57 114
1 490 911
1 445 135
1 126 154
1 502 856
1 543 422
1 395 335
1 873 378
1 947 675
1 127 46
1 895 216
1 590 641
1 415 0
1 456 639
1 881 466
1 721 116
1 884 403
1 323 319
1 495 158
1 534 496
1 784 89
1 600 973
1 582 263
1 630 484
1 498 412
1 737 749
1 187 137
1 433 302
1 864 360
1 262 566
1 63 28
1 698 186
1 669 65
1 280 605
1 163 577
1 7 891
1 156 301
1 977 815
1 144 312
1 272 181
1 524 978
1 112 407
1 865 155
1 232 344
1 418 650
1 529 362
1 889 916
1 952 677
1 443 10
1 644 925
1 982 797
1 328 995
1 652 395
1 954 103
1 614 890
1 583 127
1 54 278
1 534 176
1 457 678
1 769 423
1 111 776
1 537 183
1 887 534
1 263 242
1 238 143
1 693 433
1 481 223
1 276 463
1 301 278
1 813 997
1 522 400
1 342 979
1 121 219
1 282 213
1 495 110
1 824 196
1 974 643
1 567 187
1 588 289
1 415 542
1 84 369
1 711 288
1 192 263
1 634 955
1 134 858
1 836 650
1 401 251
1 330 390
1 757 708
1 640 675
1 512 860
1 179 319
1 36 160
1 902 529
1 526 587
1 186 229
1 15 596
1 979 645
1 647 323
1 182 123
1 184 38
1 302 219
1 781 849
1 330 18
1 991 649
1 887 717
1 37 331
1 616 448
1 331 231
1 822 365
1 230 835
1 359 963
1 60 730
1 776 660
1 376 810
1 703 627
1 481 728
1 495 862
1 192 598
1 121 520
1 854 951
1 305 495
1 603 933
1 916 240
1 889 765
1 608 852
1 233 438
1 715 397
1 250 676
1 385 490
1 911 127
1 977 120
1 57 831
1 695 732
1 168 907
1 487 552
1 379 518
1 175 165
1 741 69
1 859 350
1 741 665
1 542 145
1 65 804
1 34 189
1 618 340
1 87 291
1 784 685
1 785 260
1 943 254
1 183 988
1 239 180
1 206 769
1 597 257
1 780 886
1 981 148
1 227 435
1 918 839
1 905 402
1 257 337
1 100 996
1 194 631
1 164 219
1 524 887
1 909 704
1 169 906
1 241 785
1 937 826
1 62 828
1 538 74
1 399 812
1 855 575
1 802 150
1 451 192
1 979 779
1 342 445
1 692 472
1 9 452
1 897 431
1 665 139
1 128 106
1 768 689
1 150 279
1 791 248
1 836 385
1 235 877
1 315 98
1 895 755
1 363 154
1 373 633
1 42 430
1 850 534
1 592 274
1 95 712
1 565 82
1 736 849
1 227 124
1 770 512
1 191 627
1 334 855
1 307 97
1 718 570
1 808 903
1 630 96
1 694 101
1 714 65
1 380 514
1 311 9
1 581 60
1 483 315
1 452 330
1 269 422
1 986 414
1 207 280
1 645 986
1 97 50
1 258 620
1 19 60
1 159 382
1 594 3
1 575 648
1 505 396
1 271 186
1 259 278
1 440 484
1 204 169
1 839 329
1 796 265
1 184 633
1 110 901
1 794 510
1 612 243
1 471 610
1 168 254
1 651 691
1 317 884
1 788 451
1 778 532
1 999 602
1 223 747
1 951 203
1 290 179
1 5 237
1 848 785
1 606 434
1 511 279
1 919 357
1 409 840
1 726 723
1 198 57
1 563 987
1 330 143
1 112 165
1 564 379
1 841 919
1 736 821
1 895 875
1 772 252
1 233 210
1 956 386
1 29 477
1 440 322
1 300 683
1 19 243
1 804 616
1 139 376
1 177 425
1 164 188
1 330 450
1 894 845
1 81 292
1 327 908
1 52 153
1 681 294
1 806 403
1 650 476
1 238 416
1 930 935
1 220 643
1 976 863
1 487 945
1 23 117
1 777 163
1 352 425
1 224 959
1 800 833
1 1 880
1 530 411
1 205 696
1 47 211
1 1 975
1 463 461
1 12 909
1 9 25
1 960 395
1 808 103
1 555 364
1 881 187
1 640 356
1 423 259
1 574 348
1 312 251
1 881 836
1 874 740
1 135 158
1 904 910
1 102 78
1 926 747
1 133 610
1 712 498
1 801 94
1 46 372
1 792 533
1 744 492
1 49 160
1 910 98
1 161 275
1 462 5
1 2 317
1 892 299
1 623 197
1 280 296
1 390 873
1 569 740
1 382 176
1 67 260
1 22 899
1 224 74
1 976 106
1 643 937
1 286 733
1 343 347
1 768 396
1 281 2
1 646 481
1 113 496
1 449 469
1 209 276
1 146 512
1 925 847
1 541 265
1 108 218
1 909 962
1 873 616
1 891 741
1 610 429
1 632 229
1 254 413
1 174 367
1 801 148
1 94 483
1 70 736
1 396 630
1 722 757
1 652 154
1 524 473
1 390 532
1 865 278
1 739 441
1 522 405
1 315 92
1 676 875
1 367 807
1 174 702
1 161 844
1 52 348
1 628 479
1 294 425
1 245 335
1 849 644
1 188 955
1 898 25
1 712 633
1 369 346
1 795 493
1 704 846
1 33 817
1 872 179
1 774 620
1 635 620
1 512 482
1 67 510
1 527 626
1 316 970
1 777 242
1 622 844
1 35 70
1 577 911
1 285 224
1 652 328
1 358 274
1 950 346
1 824 571
1 228 251
1 133 826
1 166 573
1 5 941
1 876 539
1 74 80
1 668 777
1 773 7
1 71 263
1 476 656
1 94 533
1 895 963
1 744 131
1 710 940
1 790 311
1 470 10
1 778 994
1 726 581
1 301 968
1 425 873
1 510 342
1 551 998
1 880 251
1 13 286
1 229 807
1 791 870
1 980 301
1 319 503
1 678 661
1 131 647
1 756 147
1 752 792
1 552 315
1 833 41
1 570 210
1 550 937
1 0 825
1 237 533
1 484 801
1 281 735
1 126 383
1 261 867
1 765 621
1 340 504
1 483 824
1 904 551
1 380 261
1 450 572
1 581 121
1 737 364
1 504 708
1 162 788
1 379 894
1 415 846
1 11 831
1 357 10
1 794 896
1 168 803
1 981 897
1 740 619
1 192 525
1 307 810
1 193 59
1 348 6
1 896 319
1 718 704
1 635 865
1 44 81
1 677 455
1 365 89
1 993 748
1 21 769
1 264 253
1 794 836
1 158 537
1 299 507
1 837 673
1 625 578
1 726 948
1 225 753
1 529 813
1 57 217
1 493 88
1 977 476
1 926 415
1 370 421
1 960 959
1 56 666
1 568 361
1 418 120
1 830 947
1 799 823
1 447 171
1 136 12
1 510 332
1 864 465
1 510 511
1 37 62
1 610 786
1 739 627
1 155 680
1 710 998
1 443 869
1 243 357
1 736 125
1 323 814
1 526 532
1 20 222
1 54 930
1 124 270
1 76 619
1 43 801
1 872 318
1 938 393
1 518 361
1 114 189
1 398 156
1 666 975
1 976 884
1 362 501
1 799 452
1 791 71
1 778 700
1 745 362
1 691 851
1 870 506
1 957 214
1 547 416
1 645 140
1 41 367
1 747 223
1 884 821
1 686 750
1 520 508
1 86 411
1 196 752
1 790 247
1 100 49
1 116 857
1 754 899
1 387 843
1 653 877
1 682 525
1 156 967
1 861 886
1 628 139
1 829 776
1 829 177
1 48 367
1 553 756
1 308 857
1 525 768
1 739 419
1 534 906
1 74 407
1 829 489
1 174 812
1 756 539
1 783 958
1 651 110
1 551 459
1 980 868
1 295 427
1 729 915
1 518 915
1 46 872
1 172 627
1 130 202
1 677 872
1 374 795
1 181 760
1 751 788
1 83 664
1 459 649
1 792 917
1 813 502
1 746 768
1 377 708
1 676 582
1 367 690
1 124 298
1 280 13
1 209 128
1 794 714
1 636 512
1 901 875
1 970 319
1 301 452
1 146 305
1 45 362
1 239 811
1 423 798
1 477 717
1 102 815
1 504 648
1 524 158
1 902 424
1 538 337
1 951 766
1 296 959
1 647 246
1 395 299
1 970 492
1 260 138
1 394 642
1 795 836
1 657 44
1 263 655
1 776 212
1 436 346
1 309 29
1 982 977
1 879 198
1 99 1000
1 927 947
1 419 592
1 742 981
1 138 226
1 714 685
1 410 503
1 858 581
1 988 225
1 576 24
1 114 728
1 673 162
1 660 459
1 624 134
1 520 801
1 86 528
1 245 156
1 671 77
1 944 270
1 951 622
1 412 813
1 732 304
1 532 201
2 167 167
2 167 500
2 167 834
2 500 167
2 500 500
2 500 834
2 833 167
2 833 500
2 833 834
1073
2 857
474 559
487 552
526 532
510 511
499 491
478 480
493 469
512 482
511 488
520 508
534 496
547 473
551 459
543 422
547 416
530 411
522 405
520 413
498 412
453 440
463 461
449 469
440 484
429 478
410 503
380 514
2 857
518 915
577 911
603 933
600 973
602 984
634 955
643 937
644 925
649 933
664 966
666 975
645 986
710 998
742 981
726 948
702 902
676 875
677 872
653 877
653 904
614 890
524 887
167 834
2 857
713 447
739 441
769 423
779 445
788 451
799 452
816 435
829 426
806 403
800 398
836 385
822 370
822 365
788 392
775 395
768 396
745 362
737 364
715 397
706 395
500 500
2 857
168 907
169 906
176 928
184 941
188 955
224 959
239 951
241 949
247 947
296 959
301 968
316 970
342 979
328 995
183 988
171 971
156 967
2 857
691 851
717 851
736 849
736 821
751 788
752 792
781 849
794 836
795 836
800 833
799 823
809 821
829 814
833 834
842 847
838 860
854 884
817 861
804 864
793 865
791 870
780 886
794 896
808 903
798 918
792 917
785 899
775 894
754 899
729 915
2 857
642 549
660 561
682 525
701 529
712 498
724 472
692 472
646 481
650 476
660 459
677 455
679 434
662 394
652 395
637 397
610 429
606 434
616 448
628 479
630 484
617 486
621 498
628 495
636 512
635 531
601 545
500 500
2 857
485 885
495 862
502 856
512 860
511 898
534 906
575 901
584 878
597 866
608 852
622 844
635 865
636 866
648 837
641 824
644 810
653 798
610 786
545 806
529 813
484 801
2 857
136 331
144 312
124 298
124 270
87 291
81 292
71 263
90 256
81 236
108 218
121 219
130 202
138 226
164 219
186 229
168 254
150 279
146 305
156 301
157 295
161 275
187 284
192 263
228 251
209 276
207 280
179 319
167 500
2 857
793 584
803 584
803 561
809 556
824 571
842 559
855 575
858 581
913 564
904 551
902 529
887 534
876 539
850 534
870 506
881 466
864 465
829 489
833 500
813 502
795 493
794 510
792 533
778 532
756 539
2 857
57 831
62 828
65 804
102 815
133 826
168 803
162 788
149 784
132 789
111 776
98 769
114 728
95 712
86 692
70 736
62 737
33 761
43 801
33 817
11 831
2 857
319 503
340 504
337 475
330 450
342 445
352 425
370 421
429 381
397 439
385 490
362 490
362 501
379 518
381 534
390 532
415 542
429 565
450 572
419 592
400 574
343 558
2 857
907 171
923 177
981 148
977 120
976 106
954 103
962 95
970 38
910 98
911 127
865 155
833 167
838 111
808 103
796 106
801 94
784 89
791 71
797 45
833 41
847 51
898 25
888 7
832 12
773 7
764 43
741 69
714 65
2 857
124 588
131 560
158 537
156 507
146 512
123 488
113 496
121 520
94 533
86 528
67 510
83 489
94 483
61 465
29 477
11 499
2 545
15 596
2 857
46 872
51 901
76 883
110 901
109 935
117 973
100 996
99 1000
54 930
7 981
1 975
5 941
12 909
22 899
7 891
1 880
2 857
12 468
9 452
14 440
42 430
81 422
86 411
74 407
36 394
46 372
48 367
41 367
45 362
2 317
0 299
37 331
52 348
72 370
81 368
84 369
139 376
126 383
112 407
115 435
2 857
564 379
640 356
652 328
647 323
681 294
668 268
647 246
632 229
698 186
747 223
748 248
754 255
772 252
777 242
782 216
833 167
824 196
790 247
791 248
785 260
796 265
788 277
790 311
796 328
732 304
736 288
742 267
730 272
711 288
693 370
2 857
54 122
57 114
73 108
76 105
70 100
102 78
74 80
44 81
35 70
37 62
31 68
22 81
19 60
9 25
63 28
65 35
97 50
100 49
104 50
127 46
139 60
136 12
143 0
154 39
184 38
198 57
193 59
128 106
167 167
2 857
525 768
553 756
559 746
569 740
599 724
651 691
650 683
678 661
710 665
741 665
714 685
721 692
718 704
726 723
737 749
722 757
695 732
686 750
668 777
647 753
581 757
568 771
167 834
2 857
395 299
454 207
451 192
447 171
464 127
465 114
445 135
418 120
407 102
376 83
365 89
350 131
330 143
361 166
363 154
376 144
398 156
382 176
327 183
331 231
167 500
2 857
43 699
41 665
56 666
88 626
133 610
163 577
166 573
192 569
210 569
202 575
204 585
192 598
191 627
194 631
214 623
220 643
201 643
184 633
172 627
166 656
155 680
156 683
116 698
79 750
2 857
131 647
192 525
207 501
164 485
177 425
186 426
227 435
233 438
238 416
235 368
254 413
269 422
294 425
295 427
276 463
301 452
300 456
310 467
305 495
294 501
299 507
272 525
237 533
214 547
2 857
487 121
495 110
482 100
493 88
508 52
538 74
565 82
581 60
576 24
594 3
613 37
630 96
639 101
628 139
624 134
583 127
581 121
542 145
522 137
500 167
2 857
837 673
863 673
871 661
886 684
909 704
911 708
923 705
920 675
951 696
952 677
947 675
951 633
951 622
974 643
979 645
991 649
999 602
986 513
833 500
884 613
884 616
873 616
859 627
849 644
836 650
2 857
281 735
286 733
277 697
280 692
277 689
300 683
314 637
348 606
364 617
373 633
396 630
394 642
418 650
456 639
459 649
476 656
457 678
460 683
374 795
372 799
321 786
285 769
2 857
788 712
794 714
789 724
831 755
845 753
874 740
877 720
887 717
888 721
891 741
895 755
900 748
926 747
938 743
951 766
915 772
889 765
848 785
829 776
823 774
806 773
806 796
500 834
2 857
866 928
889 916
890 951
898 957
895 963
909 962
915 965
930 935
960 936
960 959
982 977
996 922
981 897
976 884
980 868
976 863
925 847
918 853
901 875
895 875
892 896
861 886
833 834
2 857
704 846
833 834
884 821
881 836
894 845
918 839
937 826
977 815
998 835
952 915
927 947
904 910
838 897
841 919
854 951
830 947
813 997
778 994
783 958
774 925
710 940
2 857
114 189
112 165
126 154
135 158
182 123
188 134
187 137
175 165
164 188
192 177
204 169
215 154
209 128
215 48
224 74
227 124
238 143
260 138
245 156
239 180
218 189
220 208
233 210
167 500
2 857
13 286
2 239
5 237
3 209
0 143
1 111
23 117
36 160
49 160
52 153
99 174
57 217
47 211
34 189
26 218
20 222
19 243
67 260
54 278
159 382
167 500
2 857
839 329
872 318
885 309
892 317
896 319
892 299
865 278
880 251
889 230
895 216
916 240
909 254
943 254
944 270
938 307
951 307
970 319
944 334
950 346
919 357
906 354
873 378
864 360
859 350
847 359
833 500
2 857
309 29
348 6
357 10
383 5
397 20
415 0
443 10
452 1
462 5
470 10
525 6
657 44
655 39
670 18
734 20
669 65
671 77
667 91
651 110
618 113
524 158
513 152
495 158
500 167
2 857
541 265
603 247
612 243
623 197
652 154
673 162
721 116
736 125
744 131
756 147
777 163
779 143
756 89
747 86
710 102
694 101
678 127
665 139
645 140
643 138
567 187
558 175
546 191
540 206
500 167
2 857
640 675
712 633
703 627
709 590
718 570
726 581
728 583
740 619
739 627
765 621
774 620
804 616
776 660
784 685
778 700
768 689
754 703
757 708
772 743
746 768
713 779
705 769
500 834
2 857
330 390
343 347
351 354
369 346
395 309
395 335
402 363
436 346
440 322
433 302
423 259
401 251
380 261
358 274
323 319
316 319
297 297
280 296
301 278
301 260
312 251
302 219
282 213
285 224
263 242
269 246
264 253
259 278
232 344
167 500
2 857
982 797
979 779
993 748
948 485
970 492
977 476
989 451
995 412
986 414
960 423
960 395
926 415
905 402
902 424
897 431
877 451
833 500
770 512
744 492
693 559
678 560
676 582
635 620
627 629
617 639
2 857
552 315
588 289
592 274
582 263
597 257
585 234
551 243
570 210
532 201
528 192
537 183
534 176
500 167
507 183
481 223
499 223
527 255
511 279
514 296
2 857
335 941
359 963
396 950
416 973
425 990
455 989
462 970
423 929
443 869
425 873
390 873
379 894
350 909
336 912
317 884
261 867
250 862
235 877
194 884
2 857
174 367
243 357
245 335
257 337
248 220
271 186
272 181
290 179
294 174
285 153
289 115
307 97
315 98
315 92
213 23
206 5
280 13
281 2
311 9
330 18
336 44
500 167
479 307
483 315
452 330
2 857
0 825
7 792
22 787
21 769
60 730
83 664
75 647
76 619
73 608
89 582
122 587
262 566
263 570
280 605
274 608
258 620
263 655
250 676
211 678
205 696
202 695
174 702
134 858
116 857
2 857
377 708
477 717
504 708
504 648
502 640
527 626
555 631
575 648
590 641
583 602
625 578
585 586
532 586
526 587
483 578
482 575
480 579
470 598
471 610
470 613
415 658
367 690
316 688
2 857
776 212
829 177
833 167
872 179
881 187
879 198
944 218
951 203
957 214
973 212
988 225
997 241
999 268
980 301
983 312
997 332
980 347
987 382
973 391
956 386
939 390
938 393
923 386
884 403
2 857
161 844
193 831
230 835
387 843
409 840
415 846
431 827
479 831
483 824
520 801
524 793
500 726
481 728
449 781
423 798
412 813
399 812
376 810
367 807
335 815
323 814
307 810
174 812
2 857
374 546
505 396
512 403
522 400
529 362
518 361
510 342
510 332
524 322
538 337
555 364
568 361
574 348
618 340
801 148
802 150
833 167
739 419
693 433
557 408
550 408
524 473
471 517
2 857
177 756
181 760
196 752
206 769
223 747
225 753
241 785
229 807
238 811
239 811
308 857
334 855
490 911
550 937
563 987
551 998
524 978
487 945
478 956
395 941
327 908
2 857
