779
0 643 512
1 707 407
1 394 355
1 140 470
1 364 215
1 493 857
1 117 466
1 462 38
1 551 479
1 545 460
1 423 274
1 440 602
1 525 357
1 574 994
1 387 377
1 583 424
1 16 481
1 615 427
1 511 799
1 110 518
1 223 506
1 163 520
1 834 419
1 442 482
1 42 547
1 478 421
1 372 108
1 320 252
1 731 372
1 341 234
1 787 331
1 433 254
1 555 397
1 640 350
1 565 185
1 320 196
1 64 374
1 283 411
1 46 582
1 328 453
1 779 448
1 602 152
1 466 934
1 280 317
1 403 425
1 482 80
1 504 575
1 649 348
1 388 331
1 518 731
1 550 364
1 745 421
1 384 205
1 236 226
1 602 498
1 670 80
1 380 177
1 135 333
1 594 841
1 189 250
1 682 470
1 515 19
1 311 39
1 398 363
1 217 615
1 530 879
1 410 679
1 382 240
1 146 456
1 543 339
1 316 436
1 397 382
1 507 783
1 436 314
1 88 469
1 127 428
1 158 431
1 639 444
1 722 341
1 121 445
1 470 876
1 452 69
1 82 446
1 353 318
1 220 551
1 534 495
1 502 5
1 411 463
1 338 218
1 282 593
1 457 514
1 321 215
1 363 948
1 524 256
1 642 783
1 722 576
1 265 503
1 113 541
1 638 920
1 523 805
1 722 444
1 364 408
1 310 484
1 519 392
1 240 338
1 662 429
1 603 451
1 336 290
1 759 337
1 64 496
1 490 148
1 297 386
1 167 488
1 402 351
1 424 152
1 472 108
1 580 538
1 157 385
1 695 410
1 104 462
1 404 98
1 114 450
1 456 111
1 756 305
1 446 59
1 711 772
1 86 489
1 557 516
1 440 70
1 44 553
1 618 456
1 404 261
1 460 908
1 542 837
1 379 268
1 633 383
1 331 210
1 706 444
1 570 378
1 218 347
1 47 445
1 514 367
1 175 505
1 198 390
1 586 552
1 386 95
1 855 567
1 734 396
1 301 140
1 93 530
1 791 501
1 417 932
1 389 341
1 479 232
1 527 829
1 378 185
1 447 23
1 665 479
1 306 896
1 527 14
1 517 904
1 441 419
1 325 83
1 766 356
1 213 449
1 337 208
1 62 529
1 523 506
1 470 121
1 510 286
1 620 439
1 79 545
1 426 246
1 335 881
1 772 362
1 486 62
1 156 404
1 418 385
1 393 293
1 511 494
1 650 348
1 830 577
1 271 262
1 411 558
1 691 255
1 646 356
1 696 414
1 728 486
1 445 131
1 123 427
1 832 697
1 452 828
1 373 318
1 502 188
1 202 424
1 424 669
1 37 391
1 527 551
1 467 76
1 47 399
1 519 673
1 177 563
1 694 337
1 123 536
1 451 780
1 432 394
1 379 160
1 343 284
1 661 442
1 513 508
1 545 767
1 109 240
1 512 821
1 398 332
1 178 479
1 604 453
1 446 505
1 662 382
1 98 478
1 619 86
1 516 265
1 138 412
1 440 331
1 111 379
1 313 75
1 391 814
1 378 124
1 345 109
1 140 505
1 369 214
1 411 92
1 471 938
1 295 494
1 406 535
1 674 546
1 507 9
1 337 217
1 557 465
1 694 200
1 143 453
1 488 429
1 68 566
1 594 723
1 397 360
1 671 843
1 801 435
1 142 482
1 323 793
1 6 644
1 515 950
1 119 570
1 367 377
1 147 488
1 414 917
1 339 119
1 108 87
1 96 431
1 666 440
1 605 490
1 575 507
1 532 463
1 691 613
1 115 540
1 202 497
1 48 487
1 452 152
1 518 830
1 45 426
1 5 557
1 473 812
1 655 506
1 571 78
1 98 491
1 468 325
1 452 156
1 65 509
1 493 503
1 128 283
1 439 366
1 542 852
1 722 697
1 327 183
1 689 497
1 643 790
1 87 460
1 518 247
1 595 425
1 329 840
1 345 290
1 69 439
1 358 159
1 121 388
1 719 414
1 577 932
1 644 669
1 487 810
1 456 549
1 419 419
1 220 574
1 396 468
1 527 214
1 458 24
1 527 678
1 91 444
1 634 503
1 355 117
1 660 435
1 149 516
1 121 467
1 365 233
1 564 673
1 643 335
1 948 666
1 594 567
1 368 64
1 448 908
1 470 869
1 305 267
1 354 303
1 469 868
1 582 349
1 727 340
1 735 436
1 460 476
1 715 554
1 461 906
1 179 434
1 498 36
1 456 827
1 304 429
1 367 144
1 212 389
1 479 327
1 188 416
1 604 443
1 558 409
1 489 275
1 371 88
1 513 866
1 77 520
1 388 135
1 322 335
1 277 459
1 412 274
1 629 454
1 187 463
1 403 56
1 537 411
1 693 319
1 603 794
1 371 214
1 506 171
1 98 529
1 476 2
1 404 102
1 415 273
1 646 464
1 578 488
1 404 330
1 80 541
1 512 538
1 13 417
1 109 606
1 482 173
1 654 46
1 14 285
1 483 231
1 501 824
1 95 565
1 526 585
1 664 331
1 56 415
1 560 452
1 398 275
1 388 344
1 350 350
1 148 546
1 419 366
1 37 552
1 510 758
1 154 358
1 588 23
1 317 496
1 335 338
1 610 553
1 101 531
1 597 86
1 123 393
1 682 434
1 779 374
1 118 357
1 478 137
1 458 252
1 496 396
1 235 313
1 725 432
1 492 69
1 443 349
1 429 390
1 443 58
1 596 262
1 340 304
1 361 281
1 358 258
1 289 187
1 313 208
1 497 189
1 297 425
1 443 516
1 543 458
1 797 465
1 513 45
1 416 336
1 564 201
1 435 16
1 357 400
1 537 509
1 364 62
1 709 500
1 539 440
1 179 201
1 492 865
1 429 5
1 126 408
1 667 984
1 265 491
1 541 338
1 399 351
1 100 480
1 327 163
1 678 434
1 173 106
1 438 63
1 327 276
1 98 557
1 346 168
1 135 440
1 386 214
1 345 84
1 79 687
1 516 484
1 773 468
1 244 603
1 45 401
1 87 537
1 261 108
1 390 262
1 451 812
1 384 935
1 448 83
1 515 532
1 489 973
1 657 919
1 338 317
1 114 522
1 334 393
1 293 326
1 648 460
1 420 336
1 393 348
1 334 288
1 672 434
1 177 517
1 350 158
1 643 781
1 514 33
1 662 863
1 254 350
1 402 378
1 332 925
1 710 395
1 388 325
1 256 400
1 207 297
1 532 516
1 800 371
1 64 440
1 574 924
1 398 75
1 509 86
1 455 472
1 478 223
1 31 603
1 120 491
1 141 450
1 468 101
1 268 677
1 85 472
1 387 214
1 426 270
1 381 324
1 178 485
1 457 865
1 562 354
1 567 453
1 640 442
1 413 912
1 403 427
1 523 918
1 348 343
1 389 370
1 453 486
1 573 379
1 191 580
1 666 551
1 423 683
1 319 275
1 612 413
1 459 44
1 683 490
1 786 466
1 428 878
1 596 138
1 473 859
1 592 373
1 381 210
1 127 314
1 716 359
1 384 243
1 93 482
1 760 471
1 194 604
1 377 303
1 768 315
1 727 512
1 421 623
1 109 807
1 409 79
1 55 365
1 508 407
1 399 120
1 729 403
1 197 490
1 492 445
1 338 393
1 146 443
1 241 369
1 641 437
1 716 603
1 646 486
1 598 569
1 132 542
1 384 384
1 617 237
1 609 513
1 449 444
1 808 393
1 626 449
1 773 960
1 670 376
1 777 492
1 146 551
1 449 809
1 828 575
1 360 508
1 94 660
1 473 382
1 470 821
1 434 322
1 763 520
1 170 460
1 354 262
1 44 445
1 301 175
1 717 388
1 123 484
1 843 415
1 69 466
1 796 452
1 332 777
1 413 237
1 351 384
1 721 522
1 821 294
1 185 440
1 396 325
1 272 191
1 419 258
1 391 760
1 515 18
1 637 988
1 876 412
1 327 110
1 90 512
1 630 373
1 680 354
1 224 510
1 564 151
1 528 173
1 474 967
1 414 347
1 135 481
1 455 897
1 453 24
1 332 558
1 516 867
1 562 814
1 418 933
1 148 784
1 511 480
1 551 776
1 725 450
1 641 263
1 469 558
1 101 446
1 43 517
1 517 138
1 123 383
1 567 415
1 399 115
1 99 504
1 209 156
1 724 617
1 570 935
1 664 488
1 479 56
1 432 59
1 755 709
1 649 209
1 351 149
1 387 178
1 80 463
1 360 169
1 541 838
1 640 488
1 298 260
1 287 721
1 382 315
1 659 867
1 322 258
1 205 652
1 616 354
1 218 21
1 529 714
1 828 384
1 630 396
1 374 408
1 558 250
1 331 335
1 477 75
1 43 364
1 404 366
1 590 632
1 526 74
1 353 335
1 571 270
1 83 360
1 459 934
1 196 555
1 202 337
1 200 385
1 123 437
1 682 409
1 409 376
1 476 39
1 461 174
1 531 448
1 467 127
1 566 402
1 549 831
1 379 273
1 133 461
1 469 68
1 302 430
1 66 510
1 517 292
1 557 57
1 380 411
1 89 524
1 544 311
1 429 219
1 539 887
1 498 861
1 451 15
1 445 659
1 400 240
1 298 186
1 437 355
1 250 655
1 534 558
1 456 479
1 506 804
1 148 404
1 308 962
1 296 419
1 368 320
1 466 505
1 388 190
1 577 164
1 417 375
1 535 830
1 784 347
1 435 53
1 393 173
1 520 751
1 611 658
1 644 335
1 683 655
1 111 557
1 453 44
1 215 464
1 416 198
1 491 848
1 261 548
1 334 468
1 558 308
1 180 394
1 535 942
1 656 628
1 446 325
1 647 503
1 624 371
1 271 71
1 364 389
1 468 103
1 217 249
1 550 410
1 339 322
1 532 826
1 96 395
1 543 380
1 30 452
1 60 500
1 357 65
1 358 152
1 577 491
1 718 433
1 232 501
1 346 235
1 358 411
1 663 543
1 459 113
1 49 567
1 436 854
1 136 439
1 765 305
1 529 87
1 130 452
1 490 841
1 592 865
1 283 390
1 357 323
1 323 281
1 533 53
1 746 699
1 358 957
1 400 325
1 150 462
1 395 247
2 100 85
2 100 250
2 100 416
2 100 581
2 100 747
2 100 912
2 288 85
2 288 250
2 288 416
2 288 581
2 288 747
2 288 912
2 477 85
2 477 250
2 477 416
2 477 581
2 477 747
2 477 912
2 666 85
2 666 250
2 666 416
2 666 581
2 666 747
2 666 912
2 854 85
2 854 250
2 854 416
2 854 581
2 854 747
2 854 912
913
643 512
327 276
322 258
320 252
298 260
271 262
305 267
319 275
323 281
334 288
393 348
477 416
643 512
549 831
542 852
541 838
542 837
535 830
532 826
527 829
523 805
643 512
618 456
604 453
603 451
620 439
626 449
629 454
643 512
254 350
280 317
293 326
322 335
331 335
335 338
353 335
477 416
643 512
338 218
337 217
337 208
331 210
321 215
341 234
477 416
643 512
373 318
354 303
336 290
340 304
338 317
339 322
353 318
387 377
643 512
43 517
48 487
16 481
30 452
44 445
100 416
643 512
187 463
178 479
178 485
167 488
175 505
197 490
202 497
224 510
288 581
643 512
716 359
727 340
722 341
694 337
693 319
664 331
680 354
661 442
643 512
458 252
429 219
416 198
413 237
426 246
433 254
643 512
590 632
519 673
527 678
518 731
529 714
611 658
644 669
683 655
656 628
643 512
616 354
596 262
617 237
649 209
694 200
691 255
641 263
643 335
644 335
643 512
529 87
492 69
486 62
469 68
467 76
477 85
643 512
158 431
156 404
148 404
126 408
123 393
121 388
157 385
200 385
212 389
288 416
643 512
146 443
136 439
135 440
130 452
133 461
141 450
143 453
146 456
150 462
288 581
643 512
119 570
100 581
95 565
46 582
31 603
6 644
79 687
94 660
477 581
643 512
592 373
573 379
570 378
643 512
501 824
490 841
473 859
469 868
492 865
498 861
493 857
512 821
666 581
643 512
115 540
113 541
87 537
80 541
79 545
98 557
111 557
100 581
109 606
643 512
90 512
62 529
42 547
44 553
37 552
5 557
49 567
68 566
100 581
643 512
456 479
442 482
455 472
460 476
643 512
236 226
217 249
179 201
109 240
100 250
128 283
189 250
207 297
235 313
643 512
545 767
511 799
506 804
487 810
507 783
510 758
520 751
564 673
643 512
334 468
277 459
265 491
265 503
295 494
310 484
477 581
643 512
121 445
114 450
101 446
91 444
82 446
96 431
123 427
288 416
643 512
163 520
114 522
110 518
98 529
101 531
123 536
132 542
146 551
177 563
196 555
288 581
643 512
779 374
772 362
784 347
787 331
821 294
768 315
765 305
756 305
759 337
766 356
731 372
643 512
619 86
666 85
670 80
654 46
588 23
557 57
571 78
597 86
596 138
602 152
643 512
297 386
283 390
241 369
240 338
218 347
202 337
198 390
256 400
283 411
288 416
643 512
453 486
411 463
396 468
403 427
403 425
419 419
449 444
643 512
417 375
404 366
397 360
398 363
409 376
418 385
441 419
643 512
440 70
438 63
443 58
435 53
403 56
398 75
409 79
411 92
477 250
643 512
492 445
488 429
478 421
496 396
508 407
643 512
398 275
390 262
404 261
412 274
415 273
643 512
332 925
308 962
358 957
363 948
384 935
418 933
417 932
414 917
413 912
477 912
643 512
420 336
398 332
389 341
388 344
394 355
399 351
402 351
643 512
609 513
580 538
586 552
594 567
598 569
610 553
663 543
643 512
100 480
98 478
93 482
85 472
88 469
104 462
288 416
643 512
773 960
667 984
637 988
638 920
657 919
666 912
659 867
662 863
643 512
360 169
346 168
350 158
358 159
358 152
351 149
367 144
477 250
643 512
355 117
345 84
357 65
364 62
368 64
371 88
372 108
378 124
477 250
643 512
64 374
37 391
47 399
45 401
56 415
64 440
69 439
100 416
643 512
99 504
98 491
86 489
64 496
60 500
65 509
66 510
77 520
89 524
93 530
100 581
643 512
706 444
718 433
725 432
735 436
722 444
725 450
643 512
426 270
419 258
400 240
395 247
423 274
643 512
682 434
696 414
695 410
707 407
710 395
717 388
719 414
643 512
358 411
334 393
296 419
297 425
302 430
304 429
316 436
328 453
643 512
516 265
518 247
502 188
506 171
528 173
564 201
643 512
478 137
467 127
470 121
472 108
468 103
468 101
456 111
459 113
461 174
477 250
643 512
509 86
513 45
514 33
515 19
515 18
498 36
476 39
479 56
477 75
482 80
477 85
643 512
469 558
456 549
411 558
406 535
443 516
446 505
457 514
466 505
643 512
393 173
379 160
388 135
399 120
399 115
424 152
477 250
643 512
452 69
446 59
432 59
386 95
404 98
404 102
477 250
643 512
140 470
121 467
123 484
120 491
135 481
142 482
147 488
140 505
288 581
643 512
388 331
388 325
381 324
368 320
377 303
382 315
396 325
643 512
666 440
672 434
678 434
682 409
662 429
660 435
643 512
365 233
371 214
369 214
364 215
346 235
358 258
354 262
477 416
643 512
655 506
647 503
643 512
154 358
135 333
127 314
118 357
83 360
96 395
100 416
111 379
123 383
180 394
643 512
574 924
577 932
570 935
574 994
535 942
523 918
517 904
477 747
643 512
428 878
448 908
460 908
477 912
470 876
470 869
491 848
643 512
391 760
451 780
449 809
451 812
452 828
456 827
473 812
477 747
643 512
633 383
630 373
624 371
640 350
649 348
650 348
646 356
643 512
773 468
786 466
797 465
796 452
801 435
779 448
745 421
643 512
313 208
272 191
289 187
298 186
301 175
327 163
327 183
320 196
381 210
477 250
643 512
524 256
527 214
497 189
482 173
478 223
479 232
483 231
489 275
510 286
643 512
828 575
830 577
855 567
854 581
948 666
832 697
755 709
746 699
722 697
724 617
643 512
339 119
345 109
327 110
325 83
313 75
311 39
271 71
288 85
261 108
643 512
534 495
511 494
516 484
511 480
532 463
551 479
643 512
634 503
605 490
578 488
577 491
575 507
602 498
643 512
250 655
205 652
244 603
217 615
194 604
191 580
220 574
220 551
261 548
288 581
643 512
432 394
429 390
397 382
402 378
419 366
439 366
643 512
534 558
527 551
512 538
515 532
532 516
537 509
557 516
643 512
571 270
558 250
490 148
517 138
564 151
577 164
565 185
666 416
643 512
674 546
715 554
722 576
716 603
691 613
666 551
643 512
526 74
533 53
527 14
507 9
502 5
476 2
458 24
462 38
477 85
643 512
594 723
551 776
562 814
592 865
594 841
603 794
643 790
642 783
643 781
643 512
55 365
14 285
100 250
108 87
218 21
173 106
209 156
301 140
477 250
643 512
582 349
562 354
543 339
541 338
558 308
544 311
517 292
514 367
643 512
834 419
843 415
876 412
828 384
808 393
800 371
643 512
117 466
87 460
80 463
69 466
47 445
13 417
45 426
100 416
643 512
539 440
537 411
550 410
558 409
567 415
583 424
643 512
689 497
709 500
728 486
763 520
727 512
721 522
643 512
364 408
357 400
374 408
380 411
643 512
515 950
489 973
474 967
471 938
466 934
459 934
461 906
455 897
477 747
643 512
453 44
447 23
435 16
429 5
451 15
453 24
459 44
477 85
643 512
360 508
317 496
332 558
282 593
421 623
440 602
477 581
643 512
387 214
386 214
384 205
378 185
380 177
387 178
388 190
477 250
643 512
640 442
641 437
630 396
662 382
670 376
734 396
729 403
643 512
345 290
343 284
361 281
379 268
379 273
393 293
643 512
646 486
646 464
648 460
639 444
615 427
612 413
595 425
604 443
640 488
643 512
557 465
545 460
543 458
531 448
560 452
567 453
643 512
170 460
179 434
185 440
213 449
288 416
643 512
526 585
504 575
493 503
513 508
523 506
643 512
384 243
382 240
448 83
445 131
452 152
452 156
477 250
643 512
519 392
473 382
437 355
443 349
446 325
468 325
479 327
525 357
643 512
391 814
335 881
306 896
329 840
323 793
332 777
288 747
287 721
268 677
643 512
149 516
123 437
127 428
138 412
188 416
202 424
288 416
643 512
424 669
410 679
148 784
109 807
100 747
148 546
177 517
223 506
232 501
643 512
384 384
367 377
351 384
338 393
364 389
643 512
518 830
513 866
516 867
530 879
539 887
671 843
711 772
666 747
643 512
445 659
423 683
436 854
457 865
470 821
477 747
683 490
643 512
791 501
777 492
760 471
682 470
665 479
664 488
643 512
389 370
350 350
348 343
43 364
100 416
215 464
643 512
440 331
434 322
436 314
400 325
404 330
416 336
414 347
643 512
357 323
550 364
543 380
555 397
566 402
643 512
