223
0 500 500
1 753 355
1 663 83
1 725 286
1 581 444
1 700 205
1 630 475
1 560 407
1 848 374
1 752 315
1 454 310
1 685 227
1 747 468
1 540 348
1 882 346
1 762 228
1 884 307
1 681 274
1 761 254
1 791 205
1 699 559
1 694 352
1 679 11
1 656 446
1 428 487
1 838 395
1 554 590
1 567 250
1 769 381
1 753 20
1 710 296
1 653 489
1 711 447
1 516 322
1 704 265
1 742 358
1 578 423
1 923 378
1 451 120
1 449 254
1 626 264
1 701 203
1 751 293
1 835 0
1 810 318
1 640 218
1 493 226
1 483 445
1 671 134
1 465 361
1 521 69
1 894 399
1 824 388
1 605 238
1 848 251
1 561 443
1 663 9
1 768 339
1 634 426
1 590 60
1 735 280
1 842 365
1 671 124
1 680 251
1 615 361
1 558 451
1 884 356
1 746 384
1 687 227
1 855 350
1 656 450
1 560 459
1 591 433
1 451 36
1 747 26
1 753 384
1 530 259
1 739 215
1 537 267
1 742 304
1 509 418
1 667 17
1 534 297
1 605 382
1 470 482
1 817 366
1 815 268
1 728 264
1 778 44
1 856 360
1 818 284
1 666 107
1 628 378
1 538 317
1 715 34
1 875 290
1 495 468
1 584 145
1 725 237
1 563 394
1 775 378
1 587 443
1 535 665
1 696 387
1 704 153
1 667 448
1 557 440
1 682 461
1 762 279
1 824 522
1 764 259
1 759 334
1 750 391
1 893 283
1 900 308
1 595 73
1 641 474
1 597 236
1 294 448
1 852 182
1 526 330
1 735 460
1 901 303
1 639 390
1 545 395
1 494 2
1 741 339
1 795 456
1 783 343
1 694 224
1 756 99
1 698 323
1 683 222
1 704 269
1 769 321
1 596 321
1 605 103
1 507 448
1 567 464
1 743 205
1 622 449
1 767 116
1 745 269
1 603 447
1 634 194
1 832 312
1 796 292
1 662 86
1 608 618
1 489 267
1 837 289
1 478 510
1 569 497
1 611 550
1 749 387
1 683 355
1 682 81
1 701 170
1 653 414
1 584 21
1 683 308
1 659 582
1 668 329
1 662 288
1 897 399
1 770 366
1 540 212
1 606 309
1 581 254
1 582 485
1 848 381
1 828 150
1 536 445
1 531 56
1 707 424
1 587 191
1 770 259
1 702 94
1 823 162
1 644 364
1 570 186
1 552 317
1 626 88
1 999 631
1 860 274
1 354 662
1 625 323
1 654 285
1 785 82
1 650 335
1 637 568
1 449 359
1 885 77
1 552 440
1 810 205
1 628 24
1 728 294
1 733 311
1 750 327
1 727 278
1 618 336
1 537 137
1 718 413
1 725 355
1 710 139
1 723 556
1 449 346
1 731 373
1 349 465
1 572 542
1 612 377
1 711 417
1 678 44
1 604 593
2 412 111
2 412 333
2 412 555
2 647 111
2 647 333
2 647 555
2 882 111
2 882 333
2 882 555
231
500 500
842 365
856 360
855 350
884 356
882 346
882 333
884 307
900 308
901 303
893 283
875 290
860 274
837 289
832 312
810 318
796 292
818 284
815 268
848 251
852 182
810 205
761 254
500 500
560 459
567 464
581 444
587 443
591 433
603 447
622 449
634 426
639 390
653 414
656 446
656 450
667 448
682 461
653 489
641 474
630 475
582 485
569 497
500 500
572 542
611 550
637 568
659 582
699 559
723 556
747 468
735 460
711 447
707 424
711 417
718 413
696 387
628 378
578 423
557 440
561 443
558 451
500 500
449 254
493 226
451 120
412 111
451 36
494 2
521 69
531 56
584 21
590 60
595 73
605 103
584 145
537 137
570 186
587 191
540 212
530 259
537 267
534 297
516 322
526 330
500 500
731 373
742 358
753 355
770 366
783 343
768 339
769 321
759 334
750 327
752 315
742 304
733 311
741 339
725 355
500 500
507 448
509 418
540 348
538 317
552 317
618 336
625 323
650 335
668 329
683 308
694 352
683 355
644 364
615 361
612 377
605 382
563 394
560 407
552 440
536 445
500 500
704 153
710 139
756 99
702 94
715 34
678 44
679 11
667 17
663 9
628 24
626 88
647 111
662 86
663 83
682 81
666 107
671 124
671 134
634 194
581 254
500 500
746 384
749 387
750 391
753 384
769 381
775 378
817 366
824 388
838 395
848 381
848 374
894 399
897 399
923 378
999 631
882 555
824 522
795 456
500 500
495 468
483 445
465 361
449 359
449 346
454 310
489 267
567 250
597 236
605 238
640 218
681 274
662 288
654 285
626 264
606 309
596 321
545 395
500 500
728 264
725 237
739 215
743 205
762 228
791 205
823 162
828 150
882 111
885 77
835 0
753 20
747 26
778 44
785 82
767 116
701 170
701 203
700 205
500 500
680 251
687 227
685 227
683 222
694 224
704 265
704 269
745 269
764 259
770 259
762 279
751 293
735 280
727 278
725 286
728 294
710 296
698 323
500 500
554 590
604 593
608 618
535 665
354 662
294 448
349 465
428 487
470 482
478 510
500 500
