223
0 500 500
1 753 355
1 663 83
1 725 286
1 581 444
1 700 205
1 630 475
1 560 407
1 848 374
1 752 315
1 454 310
1 685 227
1 747 468
1 540 348
1 882 346
1 762 228
1 884 307
1 681 274
1 761 254
1 791 205
1 699 559
1 694 352
1 679 11
1 656 446
1 428 487
1 838 395
1 554 590
1 567 250
1 769 381
1 753 20
1 710 296
1 653 489
1 711 447
1 516 322
1 704 265
1 742 358
1 578 423
1 923 378
1 451 120
1 449 254
1 626 264
1 701 203
1 751 293
1 835 0
1 810 318
1 640 218
1 493 226
1 483 445
1 671 134
1 465 361
1 521 69
1 894 399
1 824 388
1 605 238
1 848 251
1 561 443
1 663 9
1 768 339
1 634 426
1 590 60
1 735 280
1 842 365
1 671 124
1 680 251
1 615 361
1 558 451
1 884 356
1 746 384
1 687 227
1 855 350
1 656 450
1 560 459
1 591 433
1 451 36
1 747 26
1 753 384
1 530 259
1 739 215
1 537 267
1 742 304
1 509 418
1 667 17
1 534 297
1 605 382
1 470 482
1 817 366
1 815 268
1 728 264
1 778 44
1 856 360
1 818 284
1 666 107
1 628 378
1 538 317
1 715 34
1 875 290
1 495 468
1 584 145
1 725 237
1 563 394
1 775 378
1 587 443
1 535 665
1 696 387
1 704 153
1 667 448
1 557 440
1 682 461
1 762 279
1 824 522
1 764 259
1 759 334
1 750 391
1 893 283
1 900 308
1 595 73
1 641 474
1 597 236
1 294 448
1 852 182
1 526 330
1 735 460
1 901 303
1 639 390
1 545 395
1 494 2
1 741 339
1 795 456
1 783 343
1 694 224
1 756 99
1 698 323
1 683 222
1 704 269
1 769 321
1 596 321
1 605 103
1 507 448
1 567 464
1 743 205
1 622 449
1 767 116
1 745 269
1 603 447
1 634 194
1 832 312
1 796 292
1 662 86
1 608 618
1 489 267
1 837 289
1 478 510
1 569 497
1 611 550
1 749 387
1 683 355
1 682 81
1 701 170
1 653 414
1 584 21
1 683 308
1 659 582
1 668 329
1 662 288
1 897 399
1 770 366
1 540 212
1 606 309
1 581 254
1 582 485
1 848 381
1 828 150
1 536 445
1 531 56
1 707 424
1 587 191
1 770 259
1 702 94
1 823 162
1 644 364
1 570 186
1 552 317
1 626 88
1 999 631
1 860 274
1 354 662
1 625 323
1 654 285
1 785 82
1 650 335
1 637 568
1 449 359
1 885 77
1 552 440
1 810 205
1 628 24
1 728 294
1 733 311
1 750 327
1 727 278
1 618 336
1 537 137
1 718 413
1 725 355
1 710 139
1 723 556
1 449 346
1 731 373
1 349 465
1 572 542
1 612 377
1 711 417
1 678 44
1 604 593
2 412 111
2 412 333
2 412 555
2 647 111
2 647 333
2 647 555
2 882 111
2 882 333
2 882 555
231
500 500
516 322
489 267
493 226
570 186
587 191
634 194
640 218
683 222
701 203
700 205
694 224
687 227
685 227
680 251
681 274
683 308
662 288
654 285
618 336
500 500
572 542
611 550
637 568
659 582
723 556
747 468
735 460
711 447
682 461
667 448
656 446
656 450
653 489
641 474
630 475
582 485
500 500
581 254
671 134
671 124
666 107
647 111
626 88
595 73
590 60
584 21
628 24
663 9
667 17
679 11
715 34
678 44
663 83
662 86
682 81
702 94
710 139
701 170
500 500
704 153
767 116
756 99
785 82
778 44
747 26
753 20
835 0
885 77
882 111
828 150
823 162
852 182
810 205
791 205
762 228
743 205
739 215
725 237
728 264
500 500
540 348
552 317
567 250
597 236
605 238
626 264
606 309
596 321
625 323
668 329
644 364
628 378
615 361
612 377
605 382
500 500
746 384
749 387
750 391
753 384
770 366
775 378
824 388
817 366
783 343
768 339
769 321
759 334
753 355
742 358
731 373
500 500
725 355
741 339
750 327
752 315
733 311
742 304
751 293
762 279
735 280
728 294
725 286
727 278
704 265
704 269
710 296
698 323
500 500
567 464
581 444
587 443
603 447
622 449
634 426
653 414
707 424
711 417
718 413
696 387
694 352
683 355
639 390
591 433
578 423
560 407
552 440
557 440
561 443
558 451
560 459
500 500
509 418
545 395
563 394
647 333
650 335
745 269
761 254
764 259
770 259
796 292
810 318
832 312
837 289
818 284
815 268
848 251
860 274
875 290
893 283
884 307
855 350
856 360
842 365
769 381
500 500
569 497
795 456
838 395
848 381
848 374
884 356
882 346
900 308
901 303
923 378
897 399
894 399
882 555
999 631
824 522
699 559
604 593
608 618
535 665
554 590
500 500
465 361
449 359
449 346
454 310
449 254
451 120
412 111
451 36
494 2
531 56
521 69
605 103
584 145
537 137
540 212
530 259
537 267
534 297
538 317
526 330
500 500
536 445
507 448
483 445
495 468
470 482
428 487
349 465
294 448
354 662
478 510
500 500
