60
0 30 40
1 37 52
1 49 49
1 52 64
1 20 26
1 40 30
1 21 47
1 17 63
1 31 62
1 52 33
1 51 21
1 42 41
1 31 32
1 5 25
1 12 42
1 36 16
1 52 41
1 27 23
1 17 33
1 13 13
1 57 58
1 62 42
1 42 57
1 16 57
1 8 52
1 7 38
1 27 68
1 30 48
1 43 67
1 58 48
1 58 27
1 37 69
1 38 46
1 46 10
1 61 33
1 62 63
1 63 69
1 32 22
1 45 35
1 59 15
1 5 6
1 10 17
1 21 10
1 5 64
1 30 15
1 39 10
1 32 39
1 25 32
1 25 55
1 48 28
1 56 37
2 15 17
2 15 38
2 15 59
2 34 17
2 34 38
2 34 59
2 54 17
2 54 38
2 54 59
60
30 40
32 39
45 35
52 33
61 33
58 27
59 15
54 17
46 10
51 21
48 28
40 30
30 40
38 46
37 52
42 57
43 67
37 69
31 62
27 68
17 63
15 59
5 64
16 57
25 55
30 48
30 40
5 25
10 17
5 6
13 13
21 10
30 15
34 17
39 10
36 16
32 22
27 23
31 32
30 40
42 41
52 41
56 37
62 42
58 48
57 58
62 63
63 69
52 64
54 59
49 49
30 40
21 47
8 52
12 42
7 38
17 33
20 26
25 32
30 40
