925
0 0 0
1 471 44
1 63 475
1 766 504
1 895 595
1 816 377
1 462 590
1 997 596
1 775 993
1 16 97
1 839 348
1 558 896
1 423 912
1 169 411
1 75 602
1 402 52
1 388 208
1 202 39
1 510 841
1 555 484
1 920 633
1 369 718
1 432 696
1 624 872
1 472 323
1 753 701
1 584 440
1 292 665
1 202 310
1 764 255
1 662 486
1 822 575
1 469 13
1 640 165
1 814 886
1 554 82
1 336 745
1 950 229
1 142 835
1 407 932
1 69 205
1 86 764
1 202 165
1 376 632
1 639 987
1 775 98
1 503 855
1 38 960
1 215 73
1 566 78
1 4 517
1 44 457
1 676 337
1 338 568
1 623 911
1 626 931
1 97 43
1 799 942
1 725 430
1 93 953
1 264 347
1 986 595
1 631 614
1 331 362
1 158 793
1 760 436
1 115 641
1 307 764
1 469 817
1 315 388
1 906 830
1 564 25
1 88 246
1 671 892
1 181 139
1 723 784
1 609 798
1 174 403
1 76 671
1 984 939
1 830 579
1 3 893
1 176 164
1 625 158
1 249 590
1 663 347
1 21 500
1 501 372
1 572 218
1 483 270
1 604 201
1 548 281
1 205 745
1 125 178
1 870 931
1 276 846
1 759 839
1 79 105
1 218 992
1 277 797
1 545 62
1 161 102
1 1 827
1 719 128
1 80 366
1 16 732
1 24 521
1 848 600
1 585 594
1 618 577
1 44 300
1 489 239
1 479 978
1 768 731
1 274 30
1 546 837
1 890 640
1 594 308
1 878 716
1 498 448
1 145 96
1 54 935
1 473 5
1 906 899
1 277 752
1 435 254
1 630 686
1 905 275
1 521 401
1 850 425
1 374 186
1 712 433
1 814 730
1 740 622
1 681 74
1 120 490
1 297 816
1 376 534
1 982 560
1 1 332
1 815 625
1 356 868
1 659 994
1 804 110
1 415 517
1 106 844
1 549 366
1 57 742
1 848 739
1 381 700
1 442 808
1 867 408
1 67 930
1 763 186
1 581 91
1 416 56
1 729 620
1 163 73
1 160 129
1 468 902
1 694 730
1 319 644
1 831 476
1 863 921
1 524 71
1 299 197
1 193 823
1 18 360
1 987 845
1 998 548
1 302 506
1 432 229
1 550 142
1 637 527
1 168 0
1 178 804
1 888 448
1 270 481
1 250 421
1 410 125
1 373 134
1 275 772
1 965 25
1 858 502
1 587 967
1 860 275
1 178 710
1 331 4
1 811 598
1 560 886
1 712 512
1 216 974
1 528 75
1 740 12
1 840 109
1 980 512
1 928 334
1 90 78
1 788 322
1 665 990
1 400 702
1 131 24
1 238 610
1 392 541
1 40 394
1 713 806
1 823 571
1 863 568
1 145 20
1 509 893
1 629 447
1 854 236
1 717 78
1 525 774
1 695 620
1 721 979
1 957 457
1 594 451
1 514 110
1 899 994
1 772 937
1 877 942
1 533 82
1 399 742
1 273 688
1 360 780
1 650 339
1 312 455
1 272 771
1 362 515
1 716 823
1 307 627
1 787 639
1 28 212
1 38 119
1 130 518
1 535 632
1 832 952
1 874 955
1 106 653
1 440 485
1 73 329
1 934 692
1 638 325
1 126 820
1 382 958
1 884 840
1 706 90
1 424 652
1 216 964
1 841 543
1 370 271
1 863 886
1 361 490
1 875 91
1 266 457
1 179 817
1 430 197
1 512 412
1 111 1
1 811 631
1 366 758
1 227 575
1 197 524
1 398 905
1 939 361
1 953 287
1 897 410
1 285 104
1 245 215
1 569 401
1 159 310
1 20 90
1 212 39
1 415 407
1 13 641
1 855 610
1 95 571
1 780 936
1 63 84
1 240 801
1 977 62
1 405 258
1 995 89
1 334 695
1 265 783
1 988 790
1 68 368
1 497 712
1 201 513
1 676 581
1 625 400
1 791 162
1 351 55
1 572 827
1 584 930
1 482 749
1 110 723
1 230 362
1 942 467
1 540 63
1 202 848
1 161 162
1 272 788
1 137 87
1 177 274
1 324 842
1 229 434
1 149 697
1 916 866
1 634 157
1 42 213
1 655 154
1 123 1000
1 460 506
1 21 698
1 435 615
1 838 67
1 120 425
1 54 726
1 475 624
1 923 980
1 391 94
1 105 901
1 463 618
1 568 659
1 999 831
1 719 93
1 290 423
1 796 547
1 123 595
1 515 939
1 550 757
1 954 98
1 898 486
1 695 337
1 40 727
1 217 284
1 910 245
1 536 956
1 262 332
1 91 91
1 697 755
1 894 726
1 919 962
1 909 22
1 253 535
1 703 346
1 416 895
1 330 596
1 524 250
1 475 780
1 365 803
1 844 845
1 909 202
1 802 755
1 77 246
1 266 819
1 759 835
1 850 267
1 71 176
1 244 82
1 881 234
1 867 75
1 564 436
1 749 216
1 30 624
1 677 208
1 980 257
1 582 317
1 421 870
1 183 454
1 442 766
1 875 497
1 217 979
1 867 873
1 280 473
1 582 382
1 35 597
1 287 284
1 527 786
1 991 617
1 448 513
1 581 780
1 415 498
1 215 359
1 478 154
1 964 211
1 886 296
1 696 784
1 102 90
1 227 699
1 76 258
1 705 580
1 752 531
1 246 128
1 834 350
1 838 453
1 809 825
1 468 650
1 204 930
1 523 626
1 110 964
1 422 180
1 940 246
1 513 333
1 446 78
1 212 903
1 992 939
1 392 329
1 58 941
1 24 763
1 17 536
1 70 381
1 142 464
1 621 976
1 878 960
1 286 774
1 349 202
1 841 520
1 134 20
1 107 804
1 278 847
1 103 639
1 555 920
1 427 289
1 987 735
1 905 345
1 608 750
1 471 58
1 482 339
1 319 913
1 966 994
1 288 458
1 225 777
1 501 384
1 3 25
1 259 851
1 632 304
1 180 66
1 300 608
1 591 113
1 569 817
1 165 31
1 137 397
1 820 139
1 858 354
1 846 618
1 0 438
1 308 337
1 772 594
1 684 931
1 76 667
1 750 130
1 538 354
1 725 339
1 758 410
1 664 460
1 837 95
1 90 978
1 137 885
1 898 281
1 301 417
1 480 247
1 441 215
1 749 43
1 119 871
1 77 906
1 30 919
1 481 281
1 680 2
1 262 513
1 892 100
1 291 346
1 297 568
1 248 393
1 41 933
1 904 115
1 32 959
1 535 246
1 383 373
1 790 155
1 351 192
1 974 278
1 853 66
1 402 223
1 946 112
1 282 298
1 125 815
1 542 231
1 414 364
1 126 877
1 867 55
1 356 901
1 432 398
1 943 107
1 50 932
1 152 996
1 456 587
1 249 311
1 993 242
1 499 264
1 801 81
1 740 343
1 947 194
1 413 424
1 885 23
1 22 856
1 120 843
1 878 250
1 285 767
1 62 901
1 923 284
1 967 327
1 647 167
1 284 481
1 474 146
1 879 57
1 69 955
1 226 446
1 681 214
1 10 764
1 303 406
1 306 364
1 443 329
1 256 544
1 164 890
1 902 315
1 99 834
1 246 156
1 244 466
1 744 203
1 795 267
1 484 108
1 152 734
1 182 883
1 862 64
1 403 167
1 80 925
1 918 400
1 888 170
1 122 356
1 970 207
1 838 63
1 772 29
1 481 228
1 132 920
1 159 405
1 73 851
1 142 807
1 631 386
1 927 39
1 220 898
1 374 989
1 269 417
1 568 286
1 289 426
1 936 279
1 869 414
1 197 686
1 187 768
1 369 80
1 166 764
1 908 249
1 224 440
1 337 486
1 220 794
1 74 791
1 53 1000
1 787 73
1 787 362
1 750 177
1 254 284
1 547 281
1 172 865
1 24 961
1 277 387
1 887 262
1 687 320
1 156 826
1 310 852
1 239 787
1 63 961
1 414 304
1 385 451
1 297 604
1 122 849
1 500 280
1 308 485
1 216 326
1 788 310
1 120 859
1 952 262
1 50 951
1 51 885
1 521 285
1 566 179
1 51 802
1 234 720
1 297 461
1 102 907
1 602 414
1 568 274
1 977 339
1 363 614
1 192 888
1 262 418
1 877 28
1 266 562
1 283 404
1 21 904
1 978 188
1 464 235
1 125 935
1 436 737
1 85 979
1 827 264
1 127 983
1 498 199
1 883 290
1 553 441
1 135 897
1 118 745
1 782 44
1 863 44
1 399 329
1 494 238
1 348 368
1 871 87
1 281 341
1 437 236
1 231 337
1 479 274
1 589 30
1 486 301
1 367 425
1 261 354
1 890 143
1 494 186
1 417 390
1 169 825
1 294 291
1 934 247
1 199 952
1 491 210
1 547 203
1 266 398
1 879 167
1 810 114
1 165 950
1 366 344
1 138 699
1 121 678
1 458 199
1 265 932
1 150 301
1 306 272
1 141 910
1 520 532
1 48 853
1 941 342
1 185 796
1 184 339
1 961 294
1 925 179
1 113 864
1 254 377
1 785 101
1 944 220
1 392 85
1 223 275
1 72 966
1 451 269
1 272 419
1 213 987
1 542 240
1 435 278
1 590 292
1 816 399
1 10 893
1 912 350
1 932 281
1 431 819
1 102 918
1 915 417
1 248 506
1 507 957
1 610 313
1 104 710
1 445 305
1 899 164
1 91 921
1 968 286
1 530 28
1 772 457
1 520 202
1 821 71
1 408 363
1 568 311
1 420 267
1 331 433
1 897 47
1 721 109
1 783 26
1 843 135
1 649 30
1 792 295
1 817 187
1 310 398
1 108 980
1 113 943
1 627 268
1 843 9
1 827 183
1 469 247
1 293 476
1 48 802
1 299 571
1 177 983
1 247 818
1 485 205
1 926 105
1 198 537
1 193 518
1 941 160
1 319 377
1 212 832
1 263 293
1 506 64
1 124 894
1 277 359
1 325 320
1 720 133
1 82 861
1 100 923
1 585 222
1 496 113
1 820 51
1 131 436
1 280 364
1 175 812
1 921 343
1 678 290
1 960 590
1 927 210
1 106 895
1 287 535
1 494 399
1 418 389
1 563 224
1 414 374
1 227 316
1 234 332
1 858 251
1 345 175
1 129 946
1 908 99
1 401 449
1 125 846
1 226 934
1 915 307
1 420 185
1 153 899
1 99 895
1 858 255
1 904 280
1 836 295
1 954 91
1 307 462
1 63 942
1 234 500
1 990 351
1 64 844
1 16 979
1 746 95
1 110 822
1 874 368
1 282 437
1 735 65
1 343 882
1 273 905
1 16 952
1 698 290
1 797 162
1 836 112
1 519 268
1 171 891
1 392 244
1 889 215
1 822 706
1 567 222
1 569 663
1 254 984
1 939 225
1 953 324
1 202 931
1 882 219
1 252 380
1 64 517
1 875 542
1 786 222
1 908 103
1 915 177
1 321 438
1 908 150
1 205 294
1 408 460
1 189 798
1 93 968
1 889 238
1 296 871
1 467 189
1 497 523
1 329 391
1 80 869
1 868 149
1 548 355
1 630 125
1 322 213
1 874 134
1 897 281
1 154 894
1 41 883
1 474 446
1 221 764
1 917 309
1 390 957
1 435 336
1 862 457
1 144 827
1 131 239
1 396 258
1 143 938
1 817 68
1 868 115
1 155 951
1 861 244
1 484 279
1 252 836
1 413 905
1 141 914
1 124 934
1 121 908
1 520 191
1 223 490
1 775 116
1 932 226
1 807 379
1 254 997
1 332 319
1 808 87
1 956 173
1 973 410
1 549 147
1 517 226
1 151 969
1 284 419
1 851 84
1 383 311
1 456 720
1 816 63
1 336 428
1 305 293
1 944 359
1 185 820
1 18 846
1 861 274
1 50 970
1 869 277
1 872 242
1 370 207
1 46 964
1 541 303
1 442 386
1 835 160
1 206 314
1 361 437
1 877 322
1 504 198
1 533 279
1 307 397
1 205 953
1 78 882
1 390 508
1 150 966
1 983 411
1 561 527
1 709 161
1 71 969
1 47 963
1 786 186
1 960 209
1 698 347
1 923 254
1 999 380
1 408 243
1 360 419
1 71 883
1 677 170
1 510 245
1 973 291
1 39 922
1 156 902
1 37 1000
1 966 301
1 344 450
1 112 334
1 133 830
1 107 466
1 798 121
1 224 769
1 503 237
1 294 796
1 521 264
1 113 820
1 996 220
2 167 167
2 167 500
2 167 834
2 500 167
2 500 500
2 500 834
2 833 167
2 833 500
2 833 834
1276
0 0
554 82
545 62
540 63
530 28
0 0
960 590
991 617
997 596
986 595
833 500
0 0
216 964
216 974
217 979
213 987
167 834
0 0
250 421
262 418
272 419
269 417
0 0
272 771
275 772
286 774
285 767
167 167
0 0
915 417
957 457
942 467
898 486
833 500
0 0
75 602
95 571
0 0
3 893
21 904
30 919
39 922
167 500
0 0
445 305
443 329
435 336
414 304
0 0
369 718
399 742
381 700
167 167
0 0
108 980
123 1000
127 983
167 834
0 0
62 901
77 906
80 925
91 921
167 500
0 0
705 580
729 620
695 620
631 614
500 500
0 0
775 993
832 952
799 942
780 936
772 937
833 834
0 0
254 377
266 398
248 393
252 380
0 0
547 203
572 218
567 222
563 224
0 0
625 158
634 157
0 0
300 608
319 644
307 627
297 604
0 0
980 512
998 548
982 560
895 595
833 500
0 0
968 286
973 291
966 301
961 294
500 167
0 0
280 473
284 481
293 476
288 458
0 0
50 932
54 935
58 941
67 930
167 500
0 0
568 311
582 317
594 308
590 292
568 286
0 0
721 109
746 95
719 93
706 90
0 0
632 304
638 325
650 339
610 313
0 0
725 430
766 504
772 457
760 436
758 410
500 167
0 0
814 730
802 755
768 731
753 701
500 500
0 0
197 686
227 699
178 710
0 0
156 826
167 834
169 825
179 817
175 812
0 0
974 278
980 257
993 242
996 220
833 167
0 0
48 802
64 844
74 791
86 764
167 167
0 0
165 31
215 73
180 66
163 73
0 0
822 575
823 571
833 500
0 0
952 262
953 287
936 279
932 281
500 167
0 0
345 175
351 192
0 0
20 90
16 97
3 25
0 0
892 100
908 99
908 103
904 115
500 167
0 0
107 804
110 822
113 820
167 167
0 0
302 506
287 535
256 544
262 513
0 0
142 807
167 834
144 827
133 830
126 820
0 0
220 898
226 934
212 903
192 888
167 834
0 0
150 966
151 969
152 996
177 983
167 834
0 0
523 626
535 632
585 594
167 167
0 0
205 745
221 764
224 769
167 167
0 0
553 441
555 484
561 527
520 532
0 0
581 780
569 817
572 827
546 837
500 834
0 0
121 908
132 920
124 894
167 500
0 0
158 793
178 804
189 798
185 796
187 768
167 167
0 0
830 579
848 600
855 610
846 618
500 500
0 0
48 853
41 883
51 885
71 883
167 500
0 0
223 275
217 284
205 294
202 310
0 0
496 113
484 108
0 0
809 825
833 834
759 839
759 835
716 823
0 0
129 946
143 938
155 951
165 950
167 834
0 0
764 255
792 295
788 310
788 322
167 167
0 0
863 921
870 931
906 899
863 886
867 873
833 834
0 0
550 757
527 786
525 774
482 749
167 500
0 0
822 706
848 739
894 726
878 716
833 500
0 0
881 234
887 262
878 250
872 242
500 167
0 0
336 428
331 433
344 450
337 486
308 485
0 0
954 91
954 98
946 112
926 105
500 167
0 0
263 293
282 298
305 293
294 291
287 284
0 0
32 959
38 960
50 951
41 933
167 500
0 0
837 95
840 109
836 112
843 135
833 167
0 0
687 320
676 337
663 347
0 0
662 486
637 527
676 581
618 577
500 500
0 0
871 87
875 91
868 115
874 134
833 167
0 0
695 337
725 339
740 343
703 346
698 347
167 167
0 0
35 597
30 624
13 641
76 667
0 0
442 766
475 780
442 808
431 819
167 500
0 0
820 51
816 63
817 68
821 71
167 167
0 0
121 678
138 699
149 697
0 0
841 543
863 568
841 520
833 500
0 0
204 930
205 953
199 952
167 834
0 0
135 897
141 910
141 914
153 899
164 890
167 834
0 0
90 78
91 91
63 84
0 0
351 55
369 80
392 85
402 52
331 4
0 0
921 343
941 342
928 334
500 167
0 0
416 895
413 905
423 912
407 932
398 905
167 500
0 0
854 236
861 244
858 251
858 255
500 167
0 0
254 984
254 997
218 992
202 931
167 834
0 0
324 842
343 882
296 871
310 852
297 816
167 500
0 0
93 953
93 968
110 964
167 834
0 0
120 843
122 849
125 846
142 835
167 834
0 0
303 406
301 417
290 423
289 426
284 419
0 0
282 437
297 461
307 462
312 455
321 438
0 0
838 453
850 425
869 414
867 408
816 399
500 167
0 0
224 440
226 446
244 466
229 434
0 0
939 225
950 229
944 220
927 210
833 167
0 0
360 419
385 451
408 460
401 449
367 425
0 0
212 832
202 848
193 823
185 820
167 834
0 0
21 698
40 727
57 742
54 726
76 671
0 0
965 25
977 62
995 89
943 107
500 167
0 0
878 960
899 994
923 980
919 962
833 834
0 0
941 160
947 194
964 211
960 209
833 167
0 0
885 23
909 22
927 39
897 47
500 167
0 0
131 24
134 20
145 20
111 1
0 0
749 216
744 203
750 177
0 0
482 339
501 372
538 354
513 333
0 0
494 399
512 412
521 401
501 384
0 0
839 348
858 354
874 368
905 345
500 167
0 0
533 279
568 274
0 0
16 952
16 979
37 1000
24 961
167 500
0 0
630 125
655 154
677 170
647 167
0 0
392 244
405 258
396 258
0 0
483 270
500 280
519 268
499 264
480 247
0 0
696 784
713 806
723 784
697 755
500 500
0 0
474 146
478 154
494 186
467 189
458 199
0 0
602 414
594 451
584 440
564 436
0 0
988 790
999 831
987 845
906 830
844 845
833 834
0 0
102 90
145 96
161 102
137 87
0 0
838 63
838 67
853 66
851 84
167 167
0 0
249 311
234 332
216 326
0 0
44 457
63 475
64 517
107 466
0 0
481 228
494 238
489 239
464 235
0 0
274 30
285 104
246 156
246 128
244 82
0 0
338 568
299 571
297 568
0 0
548 355
582 382
549 366
0 0
390 957
382 958
374 989
319 913
167 834
0 0
69 205
42 213
28 212
0 0
787 362
807 379
816 377
834 350
500 167
0 0
291 346
280 364
277 359
261 354
264 347
0 0
123 595
115 641
106 653
103 639
0 0
408 363
414 364
414 374
383 373
0 0
137 397
159 405
174 403
0 0
463 618
468 650
475 624
462 590
167 167
0 0
168 0
212 39
202 39
97 43
0 0
102 907
100 923
102 918
105 901
167 500
0 0
44 300
73 329
80 366
18 360
1 332
0 0
740 12
772 29
783 26
782 44
787 73
167 167
0 0
940 246
934 247
923 254
908 249
500 167
0 0
223 490
234 500
248 506
270 481
266 457
0 0
626 931
621 976
587 967
536 956
500 834
0 0
568 659
569 663
608 750
694 730
630 686
500 500
0 0
281 341
262 332
0 0
21 500
24 521
17 536
4 517
0 0
520 202
517 226
510 245
503 237
0 0
566 179
549 147
550 142
514 110
0 0
814 886
874 955
877 942
916 866
884 840
833 834
0 0
227 316
231 337
230 362
215 359
206 314
0 0
413 424
415 407
432 398
418 389
417 390
0 0
334 695
336 745
292 665
167 500
0 0
509 893
503 855
510 841
500 834
0 0
909 202
925 179
915 177
899 164
833 167
0 0
227 575
238 610
249 590
266 562
253 535
0 0
524 71
528 75
0 0
77 246
76 258
88 246
131 239
0 0
160 129
181 139
176 164
161 162
0 0
897 281
886 296
883 290
500 167
0 0
0 438
40 394
70 381
68 368
0 0
862 64
867 55
879 57
867 75
500 167
0 0
843 9
877 28
863 44
808 87
500 167
0 0
631 386
625 400
664 460
629 447
569 401
167 167
0 0
330 596
363 614
376 632
435 615
0 0
820 139
835 160
833 167
827 183
817 187
0 0
850 267
861 274
860 275
836 295
500 167
0 0
719 128
720 133
750 130
709 161
677 208
640 165
500 167
0 0
370 271
383 311
420 267
408 243
0 0
325 320
332 319
366 344
331 362
0 0
868 149
890 143
908 150
879 167
833 167
0 0
520 191
504 198
498 199
485 205
0 0
877 322
902 315
917 309
915 307
500 167
0 0
319 377
315 388
310 398
307 397
0 0
374 186
388 208
370 207
349 202
0 0
119 871
126 877
137 885
154 894
167 834
0 0
152 734
166 764
220 794
225 777
234 720
167 167
0 0
366 758
360 780
365 803
294 796
307 764
167 500
0 0
156 902
171 891
182 883
172 865
167 834
0 0
240 801
252 836
278 847
266 819
167 500
0 0
308 337
348 368
329 391
306 364
277 387
0 0
533 82
566 78
581 91
591 113
0 0
905 275
904 280
898 281
869 277
500 167
0 0
521 285
541 303
521 264
524 250
0 0
47 963
46 964
50 970
63 961
63 942
167 500
0 0
436 737
456 720
497 712
167 167
0 0
373 134
403 167
422 180
430 197
420 185
0 0
882 219
889 215
932 226
910 245
889 238
500 167
0 0
481 281
484 279
486 301
472 323
0 0
106 895
113 943
125 935
124 934
167 834
0 0
390 508
415 517
415 498
0 0
73 851
78 882
80 869
82 861
167 500
0 0
99 834
106 844
120 859
167 834
125 815
0 0
24 763
118 745
110 723
104 710
167 167
0 0
356 868
356 901
265 932
273 905
167 500
0 0
402 223
435 254
437 236
432 229
441 215
0 0
435 278
427 289
399 329
392 329
0 0
131 436
142 464
183 454
169 411
0 0
564 25
589 30
649 30
680 2
681 74
0 0
897 410
918 400
939 361
944 359
912 350
500 167
0 0
456 587
497 523
460 506
448 513
440 485
0 0
265 783
272 788
277 752
273 688
167 167
0 0
775 98
785 101
798 121
775 116
167 167
0 0
150 301
159 310
122 356
112 334
0 0
973 410
983 411
999 380
990 351
833 167
0 0
469 817
468 902
421 870
167 500
0 0
624 872
671 892
684 931
560 886
500 834
0 0
299 197
254 284
245 215
202 165
0 0
681 214
698 290
678 290
627 268
0 0
717 78
735 65
749 43
0 0
712 512
752 531
796 547
712 433
500 167
0 0
772 594
811 598
815 625
811 631
787 639
500 500
0 0
69 955
72 966
71 969
90 978
167 500
0 0
391 94
410 125
446 78
471 58
416 56
0 0
400 702
432 696
424 652
392 541
167 167
0 0
888 170
956 173
978 188
970 207
923 284
500 167
0 0
833 834
966 994
984 939
992 939
987 735
934 692
167 167
0 0
322 213
451 269
306 272
177 274
0 0
831 476
875 497
888 448
862 457
500 167
0 0
1 827
10 893
22 856
18 846
167 500
0 0
890 640
920 633
875 542
858 502
833 500
0 0
790 155
797 162
791 162
167 167
0 0
763 186
786 186
827 264
795 267
167 167
0 0
721 979
665 990
659 994
639 987
500 834
0 0
38 119
71 176
125 178
79 105
0 0
469 247
479 274
0 0
361 437
361 490
376 534
362 515
0 0
53 1000
85 979
99 895
113 864
167 500
0 0
479 978
507 957
515 939
555 920
558 896
500 834
0 0
193 518
198 537
197 524
201 513
0 0
16 732
10 764
51 802
167 167
0 0
542 231
542 240
535 246
548 281
547 281
0 0
277 797
259 851
247 818
239 787
167 500
0 0
786 222
967 327
977 339
953 324
500 167
0 0
491 210
585 222
604 201
0 0
471 44
506 64
469 13
473 5
0 0
474 446
498 448
740 622
609 798
500 500
0 0
442 386
810 114
804 110
801 81
500 167
0 0
184 339
130 518
120 490
120 425
0 0
276 846
584 930
623 911
500 834
283 404
0 0
