710
0 500 500
1 112 700
1 363 779
1 245 896
1 238 19
1 184 351
1 305 763
1 366 814
1 137 857
1 564 31
1 303 157
1 523 830
1 134 231
1 851 445
1 740 311
1 163 95
1 275 499
1 470 814
1 453 217
1 818 525
1 311 911
1 177 374
1 230 4
1 590 302
1 196 103
1 553 879
1 316 446
1 665 375
1 587 609
1 510 95
1 907 455
1 805 956
1 342 345
1 785 309
1 649 584
1 850 24
1 26 126
1 447 817
1 145 527
1 218 825
1 405 151
1 389 436
1 452 619
1 407 367
1 948 514
1 836 996
1 578 334
1 491 929
1 325 696
1 838 842
1 983 788
1 623 549
1 915 72
1 774 336
1 81 238
1 534 537
1 295 406
1 853 358
1 742 581
1 32 964
1 747 352
1 610 799
1 786 853
1 506 168
1 755 957
1 408 67
1 485 734
1 419 256
1 508 155
1 941 589
1 68 42
1 817 595
1 397 274
1 727 302
1 216 237
1 821 320
1 516 531
1 614 163
1 561 920
1 128 834
1 162 534
1 279 644
1 188 329
1 520 301
1 336 782
1 728 230
1 139 848
1 350 154
1 242 162
1 791 925
1 907 497
1 52 593
1 786 457
1 629 745
1 935 439
1 641 78
1 78 835
1 232 226
1 123 479
1 205 840
1 932 357
1 917 917
1 325 559
1 413 373
1 362 477
1 827 881
1 845 263
1 11 938
1 88 535
1 436 200
1 940 319
1 325 59
1 34 264
1 47 470
1 322 89
1 757 29
1 825 289
1 287 304
1 657 82
1 288 406
1 287 623
1 616 828
1 60 445
1 978 511
1 956 171
1 818 184
1 605 464
1 462 934
1 563 229
1 506 33
1 814 68
1 457 26
1 547 983
1 623 49
1 164 326
1 256 410
1 551 8
1 940 421
1 587 947
1 231 470
1 917 773
1 553 355
1 964 782
1 331 857
1 193 135
1 389 572
1 632 320
1 585 987
1 631 844
1 704 809
1 881 194
1 598 542
1 682 37
1 579 317
1 454 676
1 54 971
1 504 747
1 424 367
1 45 177
1 216 986
1 458 390
1 480 741
1 806 752
1 424 65
1 606 280
1 311 237
1 837 594
1 596 957
1 213 118
1 315 173
1 693 538
1 729 167
1 249 497
1 213 878
1 884 558
1 397 475
1 888 399
1 557 197
1 368 270
1 254 421
1 3 697
1 227 994
1 63 432
1 531 811
1 675 657
1 930 645
1 336 439
1 536 219
1 684 432
1 701 543
1 507 829
1 156 483
1 14 568
1 404 597
1 350 781
1 357 207
1 356 501
1 231 732
1 592 613
1 683 261
1 599 58
1 203 387
1 414 285
1 756 280
1 337 957
1 668 18
1 949 898
1 773 165
1 369 303
1 801 597
1 782 190
1 14 583
1 194 98
1 106 109
1 454 45
1 335 464
1 516 730
1 918 58
1 958 984
1 670 508
1 743 477
1 896 962
1 238 669
1 530 678
1 482 11
1 528 853
1 696 404
1 506 702
1 49 895
1 633 782
1 681 633
1 768 575
1 959 76
1 855 313
1 999 440
1 560 58
1 430 401
1 165 27
1 409 50
1 708 176
1 887 99
1 368 21
1 122 330
1 115 722
1 452 297
1 592 406
1 303 284
1 261 751
1 457 506
1 794 809
1 569 561
1 707 87
1 932 133
1 259 874
1 491 948
1 589 818
1 111 973
1 102 759
1 92 873
1 121 799
1 935 711
1 766 638
1 352 905
1 98 147
1 542 425
1 518 201
1 698 252
1 393 751
1 778 80
1 958 155
1 515 267
1 453 759
1 690 37
1 512 720
1 639 940
1 807 88
1 27 543
1 935 133
1 860 400
1 560 922
1 746 237
1 808 146
1 419 421
1 898 206
1 500 650
1 42 529
1 513 915
1 582 155
1 151 700
1 377 563
1 792 436
1 452 748
1 262 200
1 880 549
1 857 677
1 928 229
1 599 351
1 444 301
1 762 972
1 504 609
1 630 246
1 294 651
1 517 798
1 257 162
1 28 367
1 480 944
1 583 268
1 339 933
1 170 87
1 383 541
1 374 641
1 481 226
1 633 172
1 209 321
1 759 813
1 492 115
1 699 276
1 494 177
1 557 821
1 760 939
1 853 444
1 602 517
1 42 343
1 749 800
1 282 613
1 225 766
1 444 199
1 503 69
1 379 107
1 884 863
1 440 849
1 143 882
1 237 146
1 424 765
1 664 891
1 371 638
1 154 338
1 524 941
1 203 567
1 963 505
1 130 180
1 188 880
1 96 258
1 273 915
1 369 562
1 248 583
1 837 987
1 740 64
1 778 263
1 822 285
1 184 529
1 825 387
1 854 308
1 345 503
1 371 598
1 404 507
1 396 527
1 128 660
1 825 977
1 205 897
1 811 299
1 288 488
1 262 947
1 280 952
1 259 962
1 167 434
1 512 612
1 340 895
1 751 32
1 190 391
1 856 988
1 229 602
1 878 929
1 198 480
1 231 546
1 936 255
1 228 916
1 586 852
1 797 290
1 813 941
1 138 787
1 660 256
1 762 77
1 264 482
1 786 959
1 156 554
1 381 778
1 315 370
1 261 635
1 839 874
1 903 37
1 764 69
1 198 639
1 863 385
1 169 450
1 241 911
1 185 809
1 662 253
1 360 595
1 295 900
1 441 491
1 255 971
1 277 404
1 262 911
1 713 61
1 249 921
1 252 887
1 847 375
1 257 944
1 837 937
1 308 645
1 946 162
1 820 95
1 363 917
1 395 485
1 741 220
1 390 612
1 721 248
1 810 241
1 278 420
1 937 191
1 845 993
1 827 859
1 260 961
1 257 935
1 278 563
1 265 989
1 361 517
1 263 616
1 675 855
1 219 927
1 823 980
1 437 562
1 840 868
1 124 627
1 216 635
1 213 699
1 306 690
1 345 627
1 700 251
1 188 772
1 64 633
1 723 320
1 747 321
1 240 382
1 181 742
1 811 977
1 358 544
1 772 392
1 483 560
1 788 903
1 770 261
1 263 601
1 807 47
1 287 642
1 412 517
1 188 843
1 418 542
1 803 661
1 442 876
1 68 1000
1 824 38
1 332 592
1 245 799
1 685 263
1 413 463
1 387 439
1 353 910
1 740 294
1 278 634
1 342 556
1 266 662
1 729 35
1 258 715
1 196 455
1 620 52
1 316 598
1 340 605
1 634 209
1 311 662
1 721 113
1 844 135
1 404 633
1 374 838
1 295 539
1 415 801
1 776 240
1 670 38
1 697 421
1 869 423
1 185 927
1 986 838
1 835 34
1 238 611
1 764 176
1 262 908
1 775 275
1 266 522
1 703 239
1 591 199
1 814 34
1 776 274
1 797 997
1 715 109
1 860 167
1 755 90
1 733 971
1 201 448
1 769 73
1 192 603
1 314 547
1 416 507
1 167 491
1 184 887
1 960 984
1 762 878
1 664 132
1 671 69
1 194 585
1 689 296
1 779 54
1 829 220
1 198 706
1 369 946
1 280 739
1 279 833
1 930 977
1 87 600
1 822 1000
1 352 522
1 779 40
1 247 558
1 891 995
1 734 329
1 354 880
1 70 952
1 740 75
1 845 210
1 710 202
1 784 87
1 835 735
1 961 844
1 740 123
1 870 974
1 801 980
1 315 467
1 499 911
1 291 915
1 643 190
1 41 868
1 802 69
1 593 339
1 373 633
1 653 82
1 138 580
1 300 641
1 427 451
1 860 376
1 734 50
1 688 26
1 788 276
1 294 897
1 103 513
1 758 55
1 374 576
1 771 328
1 754 25
1 303 849
1 864 956
1 943 828
1 223 654
1 268 242
1 211 414
1 833 937
1 361 649
1 743 79
1 844 92
1 859 949
1 283 839
1 465 621
1 700 879
1 393 595
1 725 297
1 394 585
1 399 635
1 340 536
1 183 524
1 235 561
1 129 622
1 918 954
1 518 488
1 182 831
1 424 586
1 245 587
1 445 943
1 787 940
1 716 101
1 779 24
1 437 355
1 530 783
1 445 763
1 288 920
1 288 497
1 837 960
1 795 278
1 509 815
1 182 265
1 803 160
1 250 543
1 246 405
1 306 521
1 124 883
1 244 637
1 754 75
1 296 879
1 318 880
1 789 89
1 407 239
1 331 635
1 468 291
1 290 615
1 249 986
1 254 877
1 347 563
1 802 826
1 325 620
1 361 923
1 835 304
1 188 991
1 467 574
1 333 669
1 784 209
1 327 923
1 99 484
1 270 602
1 331 793
1 379 553
1 756 28
1 336 448
1 323 834
1 585 724
1 323 986
1 804 283
1 319 517
1 604 298
1 685 972
1 304 652
1 264 508
1 336 899
1 256 885
1 128 449
1 877 962
1 674 90
1 312 500
1 298 554
1 631 790
1 756 122
1 183 877
1 820 968
1 488 589
1 185 604
1 768 176
1 880 307
1 184 915
1 327 842
1 482 587
1 242 935
1 220 822
1 335 579
1 284 735
1 861 917
1 281 701
1 901 963
1 740 56
1 74 628
1 879 981
1 286 610
1 848 166
1 349 734
1 229 963
1 130 755
1 792 823
1 289 856
1 879 945
1 404 534
2 103 104
2 103 303
2 103 502
2 103 702
2 103 901
2 302 104
2 302 303
2 302 502
2 302 702
2 302 901
2 501 104
2 501 303
2 501 502
2 501 702
2 501 901
2 701 104
2 701 303
2 701 502
2 701 702
2 701 901
2 900 104
2 900 303
2 900 502
2 900 702
2 900 901
811
500 500
457 506
416 507
412 517
396 527
361 517
352 522
340 536
342 556
335 579
374 576
377 563
379 553
383 541
404 534
418 542
500 500
530 783
557 821
528 853
523 830
509 815
517 798
500 500
128 834
92 873
41 868
49 895
103 901
70 952
11 938
32 964
54 971
68 1000
111 973
124 883
143 882
137 857
139 848
500 500
240 382
184 351
177 374
190 391
211 414
500 500
203 567
156 554
138 580
87 600
74 628
64 633
52 593
14 583
14 568
27 543
42 529
88 535
47 470
99 484
103 502
103 513
500 500
308 645
304 652
294 651
300 641
287 642
279 644
261 635
278 634
287 623
282 613
286 610
290 615
500 500
483 560
482 587
488 589
504 609
512 612
465 621
467 574
500 500
452 619
454 676
424 765
445 763
453 759
452 748
480 741
485 734
504 747
516 730
512 720
506 702
500 500
592 406
599 351
632 320
606 280
583 268
604 298
590 302
579 317
593 339
578 334
553 355
542 425
500 500
209 321
182 265
134 231
216 237
232 226
302 303
500 500
130 180
98 147
45 177
26 126
103 104
106 109
163 95
500 500
331 635
311 662
306 690
302 702
281 701
284 735
280 739
258 715
213 699
198 706
231 732
225 766
245 799
261 751
305 763
331 793
336 782
350 781
363 779
349 734
325 696
333 669
371 638
390 612
500 500
685 972
733 971
762 972
755 957
760 939
701 901
500 500
340 895
336 899
302 901
311 911
327 923
339 933
337 957
323 986
369 946
361 923
363 917
353 910
352 905
354 880
500 500
755 90
762 77
764 69
758 55
779 54
802 69
807 47
814 34
779 40
779 24
757 29
756 28
754 25
751 32
729 35
734 50
740 56
701 104
664 132
643 190
500 500
516 531
534 537
569 561
598 542
500 500
710 202
729 167
740 123
756 122
808 146
803 160
773 165
764 176
768 176
782 190
784 209
741 220
728 230
701 303
500 500
772 392
774 336
771 328
821 320
853 358
825 387
847 375
860 376
863 385
860 400
888 399
869 423
853 444
851 445
786 457
743 477
701 502
500 500
289 856
259 874
254 877
256 885
252 887
245 896
249 921
262 911
262 908
273 915
288 920
291 915
302 901
295 900
294 897
296 879
318 880
500 500
794 809
802 826
792 823
759 813
749 800
500 500
520 301
452 297
444 301
419 256
407 239
397 274
414 285
500 500
721 113
715 109
716 101
707 87
713 61
740 64
740 75
743 79
754 75
769 73
778 80
784 87
789 89
814 68
807 88
701 303
500 500
283 839
279 833
220 822
218 825
205 840
213 878
188 880
184 887
183 877
188 843
182 831
185 809
188 772
302 702
500 500
266 662
238 669
223 654
216 635
198 639
151 700
181 742
138 787
121 799
78 835
102 759
130 755
115 722
112 700
103 702
3 697
128 660
124 627
129 622
185 604
192 603
500 500
193 135
213 118
237 146
242 162
257 162
501 303
500 500
394 585
393 595
371 598
360 595
340 605
325 620
345 627
361 649
374 641
373 633
399 635
404 633
404 597
424 586
437 562
500 500
660 256
662 253
683 261
685 263
698 252
700 251
703 239
746 237
721 248
699 276
689 296
500 500
602 517
693 538
681 633
649 584
623 549
500 500
727 302
770 261
778 263
776 240
810 241
829 220
818 184
844 135
848 166
860 167
881 194
898 206
928 229
900 303
845 263
825 289
822 285
804 283
797 290
795 278
788 276
500 500
362 477
335 464
315 467
316 446
336 439
336 448
500 500
241 911
228 916
229 963
188 991
216 986
227 994
249 986
265 989
255 971
259 962
260 961
280 952
262 947
257 944
257 935
302 901
500 500
827 881
839 874
840 868
827 859
838 842
701 702
500 500
855 313
900 303
940 319
932 357
940 421
935 439
999 440
978 511
963 505
948 514
907 497
907 455
500 500
943 828
961 844
986 838
983 788
964 782
900 702
500 500
332 592
316 598
270 602
263 601
245 587
248 583
235 561
231 546
250 543
247 558
278 563
298 554
295 539
314 547
325 559
347 563
500 500
268 242
262 200
303 157
315 173
311 237
500 500
369 303
368 270
303 284
287 304
342 345
500 500
734 329
740 311
740 294
756 280
775 275
776 274
936 255
900 303
880 307
854 308
835 304
811 299
785 309
747 321
747 352
500 500
605 464
684 432
697 421
696 404
665 375
518 488
500 500
444 199
436 200
405 151
350 154
357 207
500 500
167 491
156 483
123 479
145 527
162 534
184 529
183 524
500 500
630 246
634 209
708 176
701 104
674 90
671 69
657 82
653 82
641 78
633 172
614 163
582 155
591 199
557 197
536 219
563 229
500 500
820 95
844 92
824 38
835 34
850 24
903 37
918 58
959 76
915 72
887 99
900 104
932 133
935 133
958 155
946 162
956 171
937 191
845 210
500 500
42 343
28 367
63 432
60 445
128 449
302 502
500 500
515 267
518 201
506 168
508 155
510 95
492 115
494 177
453 217
481 226
468 291
500 500
787 940
805 956
813 941
791 925
788 903
701 702
500 500
817 595
837 594
880 549
818 525
500 500
820 968
825 977
837 960
837 937
833 937
701 702
500 500
561 920
560 922
587 947
524 941
499 911
501 702
500 500
670 38
682 37
690 37
688 26
668 18
623 49
620 52
599 58
560 58
564 31
551 8
503 69
501 104
500 500
188 329
164 326
122 330
154 338
203 387
500 500
440 849
442 876
445 943
462 934
480 944
491 948
491 929
513 915
553 879
501 702
500 500
664 891
639 940
596 957
585 987
547 983
501 702
500 500
670 508
701 543
768 575
801 597
742 581
500 500
277 404
256 410
246 405
254 421
278 420
500 500
231 470
196 455
169 450
167 434
201 448
500 500
792 436
723 320
725 297
701 303
437 355
424 367
430 401
458 390
500 500
704 809
762 878
700 879
675 855
616 828
501 702
500 500
413 373
407 367
315 370
288 406
295 406
500 500
389 572
369 562
263 616
238 611
229 602
194 585
198 480
249 497
264 508
266 522
275 499
312 500
345 503
500 500
322 89
325 59
368 21
409 50
424 65
501 303
500 500
194 98
165 27
230 4
238 19
302 104
500 500
531 811
507 829
470 814
447 817
415 801
374 838
366 814
381 778
393 751
500 500
427 451
413 463
397 475
395 485
500 500
441 491
404 507
356 501
319 517
306 521
387 439
389 436
419 421
500 500
896 962
930 977
958 984
960 984
918 954
900 901
500 500
358 544
288 497
288 488
264 482
34 264
103 303
500 500
837 987
845 993
836 996
822 1000
701 901
500 500
587 609
592 613
585 724
530 678
500 650
500 500
586 852
331 857
327 842
323 834
303 849
302 901
242 935
219 927
185 927
184 915
205 897
244 637
500 500
806 752
835 735
803 661
766 638
500 500
859 949
864 956
870 974
877 962
879 945
900 901
500 500
823 980
811 977
801 980
797 997
786 959
701 901
500 500
379 107
408 67
454 45
457 26
482 11
506 33
501 303
500 500
196 103
170 87
68 42
103 104
81 238
96 258
500 500
589 818
610 799
631 790
633 782
629 745
500 500
917 773
949 898
917 917
900 901
884 863
500 500
856 988
879 981
891 995
901 963
900 901
500 500
675 657
786 853
861 917
878 929
701 901
631 844
500 500
884 558
941 589
930 645
935 711
900 702
857 677
500 500
