844
0 500 500
1 174 325
1 49 34
1 543 815
1 42 920
1 545 80
1 681 950
1 664 944
1 61 68
1 609 259
1 116 500
1 482 911
1 708 930
1 93 57
1 642 940
1 487 619
1 511 63
1 330 52
1 529 831
1 586 862
1 503 839
1 713 994
1 28 939
1 9 111
1 203 347
1 31 115
1 414 352
1 521 982
1 121 304
1 600 26
1 506 772
1 624 39
1 205 328
1 218 104
1 22 959
1 657 188
1 72 978
1 434 815
1 487 107
1 22 987
1 599 870
1 201 402
1 726 961
1 51 7
1 35 922
1 182 331
1 577 233
1 672 906
1 485 852
1 543 849
1 574 991
1 120 166
1 592 877
1 422 762
1 26 695
1 52 953
1 673 848
1 66 393
1 165 162
1 824 928
1 462 135
1 520 759
1 25 807
1 483 808
1 600 549
1 196 76
1 420 719
1 348 480
1 531 837
1 157 347
1 273 259
1 526 18
1 373 29
1 39 211
1 398 49
1 451 211
1 693 949
1 518 106
1 451 981
1 629 687
1 731 830
1 599 866
1 202 772
1 217 285
1 102 404
1 481 771
1 601 864
1 123 963
1 467 217
1 62 8
1 532 256
1 57 914
1 640 193
1 502 823
1 197 59
1 4 824
1 110 938
1 439 838
1 543 808
1 51 34
1 94 672
1 55 46
1 420 46
1 666 997
1 186 414
1 398 883
1 103 942
1 482 816
1 62 137
1 11 840
1 37 54
1 537 858
1 745 914
1 183 279
1 703 953
1 762 726
1 485 54
1 64 920
1 74 352
1 560 178
1 283 179
1 496 834
1 660 886
1 589 160
1 650 963
1 565 36
1 241 338
1 446 971
1 638 817
1 193 372
1 752 955
1 511 904
1 411 5
1 780 925
1 536 781
1 53 168
1 495 777
1 42 892
1 488 80
1 793 984
1 201 317
1 531 985
1 181 240
1 530 802
1 576 942
1 654 903
1 634 953
1 612 71
1 334 119
1 155 811
1 35 956
1 593 840
1 588 819
1 771 968
1 273 325
1 561 46
1 113 88
1 23 813
1 49 38
1 162 152
1 611 778
1 297 479
1 627 78
1 559 818
1 79 48
1 711 905
1 612 162
1 509 839
1 153 45
1 301 160
1 693 913
1 527 213
1 144 73
1 347 325
1 95 965
1 29 145
1 268 374
1 674 900
1 418 225
1 532 930
1 501 68
1 24 888
1 310 365
1 572 153
1 546 820
1 683 948
1 561 150
1 571 205
1 513 166
1 523 805
1 193 375
1 553 9
1 131 86
1 154 914
1 528 786
1 104 10
1 672 129
1 908 170
1 654 893
1 514 130
1 547 783
1 33 856
1 563 814
1 117 19
1 459 856
1 467 859
1 494 844
1 106 523
1 89 268
1 726 969
1 155 240
1 137 860
1 497 414
1 294 802
1 85 39
1 649 864
1 168 885
1 658 764
1 52 978
1 521 99
1 529 779
1 317 909
1 32 72
1 704 952
1 197 150
1 307 273
1 602 256
1 680 775
1 169 378
1 111 139
1 578 87
1 258 317
1 657 898
1 438 983
1 179 381
1 510 735
1 586 48
1 663 907
1 189 269
1 210 315
1 82 925
1 503 313
1 541 34
1 369 228
1 44 321
1 415 220
1 83 294
1 297 381
1 646 844
1 241 942
1 25 39
1 67 86
1 771 900
1 500 94
1 69 874
1 176 285
1 140 267
1 267 333
1 561 920
1 490 62
1 48 858
1 521 801
1 181 316
1 179 85
1 17 56
1 142 901
1 95 82
1 411 740
1 533 794
1 474 811
1 325 412
1 626 805
1 480 939
1 158 4
1 777 982
1 7 927
1 611 848
1 115 40
1 185 356
1 585 173
1 300 382
1 21 63
1 707 856
1 45 961
1 165 62
1 8 875
1 435 96
1 72 127
1 68 71
1 590 866
1 607 175
1 732 873
1 678 960
1 105 300
1 488 850
1 524 833
1 179 767
1 688 857
1 559 798
1 556 998
1 626 855
1 474 784
1 599 803
1 639 513
1 348 284
1 535 534
1 552 830
1 565 774
1 193 52
1 556 666
1 509 765
1 41 119
1 118 246
1 170 171
1 79 975
1 131 959
1 139 193
1 630 881
1 14 853
1 553 62
1 65 0
1 822 866
1 342 897
1 669 895
1 204 332
1 24 307
1 163 344
1 493 780
1 687 988
1 723 938
1 133 299
1 838 996
1 747 957
1 685 953
1 124 990
1 565 47
1 34 141
1 69 911
1 77 850
1 173 354
1 237 260
1 689 665
1 624 724
1 564 607
1 221 496
1 585 761
1 72 233
1 238 451
1 451 753
1 10 27
1 539 773
1 104 891
1 240 717
1 540 26
1 48 70
1 58 59
1 78 51
1 76 933
1 429 830
1 304 71
1 702 1000
1 695 79
1 142 327
1 90 319
1 572 857
1 552 866
1 581 134
1 565 898
1 473 856
1 183 84
1 625 834
1 529 922
1 518 746
1 694 842
1 715 979
1 690 911
1 29 16
1 671 971
1 157 358
1 171 949
1 560 81
1 534 40
1 137 848
1 941 947
1 50 965
1 137 291
1 62 100
1 315 146
1 712 752
1 499 688
1 12 29
1 477 720
1 481 82
1 193 265
1 72 4
1 12 890
1 588 910
1 675 981
1 95 872
1 61 941
1 0 670
1 582 798
1 36 58
1 257 667
1 525 819
1 579 919
1 653 935
1 762 807
1 241 306
1 129 408
1 941 800
1 603 95
1 421 948
1 561 653
1 596 837
1 199 342
1 229 317
1 198 350
1 727 827
1 534 892
1 196 105
1 169 341
1 618 853
1 65 415
1 687 953
1 597 972
1 158 345
1 168 332
1 569 28
1 499 805
1 428 894
1 121 992
1 539 750
1 688 899
1 172 491
1 369 479
1 49 891
1 256 770
1 415 937
1 87 86
1 505 783
1 208 462
1 556 917
1 507 272
1 473 946
1 129 174
1 44 120
1 484 88
1 275 224
1 386 351
1 761 965
1 418 252
1 33 233
1 270 216
1 583 939
1 454 75
1 90 999
1 572 51
1 58 291
1 624 849
1 138 271
1 580 870
1 487 213
1 174 502
1 523 792
1 196 806
1 752 26
1 489 858
1 563 88
1 749 944
1 568 369
1 612 959
1 580 142
1 601 848
1 587 132
1 429 931
1 425 906
1 165 918
1 56 867
1 645 972
1 200 307
1 63 913
1 518 183
1 592 757
1 573 812
1 703 818
1 585 121
1 727 924
1 465 800
1 574 904
1 11 954
1 178 743
1 24 106
1 319 914
1 144 326
1 545 810
1 29 49
1 523 798
1 279 346
1 381 237
1 45 58
1 287 764
1 376 828
1 61 589
1 24 440
1 4 968
1 519 601
1 159 419
1 6 15
1 689 943
1 589 806
1 488 64
1 193 365
1 660 952
1 126 365
1 135 1000
1 846 808
1 652 954
1 571 107
1 576 158
1 42 159
1 176 182
1 266 261
1 527 817
1 573 905
1 564 87
1 497 765
1 483 865
1 65 894
1 110 896
1 50 230
1 791 119
1 689 955
1 638 891
1 534 35
1 295 209
1 540 822
1 517 26
1 538 79
1 599 3
1 593 782
1 45 0
1 703 930
1 707 633
1 490 107
1 113 17
1 163 88
1 583 628
1 474 789
1 130 250
1 500 169
1 68 825
1 9 943
1 17 896
1 565 35
1 413 80
1 743 800
1 494 869
1 183 312
1 127 898
1 894 879
1 559 953
1 235 214
1 675 777
1 628 127
1 112 118
1 66 309
1 1 892
1 566 275
1 35 927
1 152 359
1 566 201
1 237 261
1 664 667
1 467 937
1 144 327
1 62 273
1 567 59
1 92 296
1 4 319
1 797 701
1 63 83
1 99 246
1 340 435
1 431 52
1 234 263
1 161 343
1 556 90
1 246 413
1 18 884
1 422 731
1 24 65
1 626 53
1 509 746
1 569 898
1 743 851
1 416 906
1 520 46
1 660 760
1 63 807
1 221 463
1 732 909
1 704 940
1 671 909
1 499 159
1 160 967
1 361 128
1 649 861
1 116 104
1 667 764
1 161 352
1 637 772
1 8 93
1 471 759
1 456 852
1 728 780
1 541 805
1 713 907
1 515 873
1 11 275
1 567 890
1 81 862
1 705 942
1 118 327
1 579 904
1 254 330
1 402 539
1 783 822
1 487 201
1 14 19
1 581 876
1 39 795
1 628 739
1 604 984
1 781 525
1 39 852
1 706 947
1 229 339
1 533 973
1 738 836
1 0 139
1 130 325
1 26 364
1 853 961
1 151 260
1 412 937
1 273 392
1 695 995
1 544 786
1 96 23
1 1 405
1 142 302
1 484 875
1 775 773
1 499 18
1 39 52
1 698 178
1 564 826
1 37 878
1 576 208
1 550 819
1 461 796
1 546 805
1 65 886
1 93 132
1 48 0
1 648 844
1 35 957
1 70 204
1 91 1000
1 741 913
1 659 627
1 529 786
1 197 355
1 643 157
1 151 1
1 297 284
1 7 211
1 635 908
1 533 136
1 548 625
1 556 714
1 715 919
1 102 917
1 491 40
1 452 801
1 165 926
1 659 731
1 460 779
1 963 952
1 694 940
1 823 947
1 462 123
1 53 251
1 481 179
1 506 826
1 531 827
1 258 186
1 722 621
1 537 51
1 655 762
1 565 141
1 188 88
1 655 42
1 124 310
1 573 805
1 44 925
1 381 213
1 65 691
1 82 929
1 540 156
1 219 340
1 638 784
1 742 699
1 611 651
1 522 748
1 236 388
1 605 842
1 28 75
1 671 852
1 555 130
1 637 21
1 255 311
1 486 81
1 577 814
1 630 923
1 147 226
1 560 55
1 168 823
1 145 242
1 547 796
1 506 74
1 581 763
1 840 991
1 553 816
1 114 0
1 902 947
1 680 942
1 94 13
1 183 310
1 16 909
1 745 841
1 601 802
1 307 361
1 174 323
1 480 80
1 792 924
1 144 43
1 575 751
1 642 135
1 568 107
1 251 48
1 509 90
1 574 870
1 750 919
1 86 444
1 780 938
1 564 172
1 599 791
1 594 200
1 222 478
1 102 646
1 278 137
1 543 833
1 316 283
1 40 828
1 676 214
1 119 4
1 38 79
1 236 811
1 487 724
1 546 814
1 607 95
1 300 72
1 63 228
1 46 24
1 145 435
1 733 741
1 692 956
1 748 914
1 107 344
1 565 104
1 99 888
1 570 963
1 207 354
1 111 873
1 794 926
1 542 797
1 692 925
1 601 845
1 726 947
1 36 904
1 0 507
1 577 986
1 529 574
1 545 845
1 525 912
1 795 692
1 663 944
1 82 952
1 521 709
1 589 192
1 506 93
1 126 419
1 31 881
1 525 897
1 518 786
1 525 786
1 649 937
1 579 74
1 794 915
1 402 111
1 433 838
1 261 258
1 248 400
1 51 910
1 96 62
1 635 837
1 666 855
2 97 100
2 97 300
2 97 500
2 97 700
2 97 900
2 289 100
2 289 300
2 289 500
2 289 700
2 289 900
2 482 100
2 482 300
2 482 500
2 482 700
2 482 900
2 675 100
2 675 300
2 675 500
2 675 700
2 675 900
2 867 100
2 867 300
2 867 500
2 867 700
2 867 900
1092
500 500
95 872
99 888
104 891
111 873
289 700
500 500
95 965
79 975
72 978
82 952
97 900
500 500
72 233
63 228
50 230
39 211
70 204
289 300
500 500
626 53
624 39
600 26
637 21
655 42
675 100
500 500
652 954
645 972
650 963
660 952
675 900
500 500
628 127
627 78
695 79
752 26
791 119
675 300
500 500
624 849
626 855
618 853
611 848
500 500
35 922
35 927
44 925
97 900
500 500
287 764
256 770
236 811
294 802
500 500
421 948
438 983
451 981
446 971
482 700
500 500
139 193
129 174
120 166
111 139
289 300
500 500
564 607
583 628
548 625
500 500
462 135
462 123
487 107
490 107
500 500
169 341
161 343
158 345
163 344
500 500
521 99
509 90
506 93
484 88
500 500
99 246
89 268
83 294
92 296
97 300
500 500
62 8
65 0
48 0
45 0
29 16
97 100
500 500
543 815
546 820
550 819
546 814
545 810
500 500
506 74
511 63
501 68
488 80
500 500
502 823
494 844
503 839
509 839
506 826
500 500
28 75
21 63
17 56
24 65
32 72
97 100
500 500
723 938
713 994
702 1000
695 995
687 988
678 960
675 900
500 500
565 104
579 74
612 71
607 95
603 95
500 500
542 797
541 805
543 808
546 805
500 500
193 265
181 240
189 269
183 279
500 500
675 777
680 775
728 780
712 752
733 741
500 500
197 355
198 350
203 347
207 354
500 500
487 213
518 183
527 213
577 233
500 500
67 86
63 83
48 70
61 68
68 71
97 100
500 500
165 918
154 914
142 901
168 885
289 700
500 500
117 19
113 17
104 10
114 0
119 4
289 100
500 500
556 917
561 920
532 930
529 922
525 912
500 500
611 651
629 687
659 731
628 739
624 724
500 500
552 830
545 845
543 833
540 822
500 500
467 217
451 211
481 179
487 201
500 500
676 214
657 188
643 157
640 193
500 500
573 805
563 814
559 798
547 796
500 500
37 878
31 881
24 888
36 904
97 900
500 500
12 890
17 896
16 909
7 927
28 939
97 900
500 500
22 959
35 956
35 957
45 961
97 900
500 500
780 938
794 926
794 915
771 900
675 700
500 500
31 115
24 106
8 93
9 111
0 139
97 300
500 500
824 928
853 961
840 991
838 996
823 947
867 900
500 500
94 672
102 646
61 589
106 523
289 500
500 500
9 943
11 954
4 968
22 987
97 900
500 500
597 972
604 984
577 986
574 991
556 998
482 700
500 500
56 867
49 891
65 886
69 874
81 862
289 700
500 500
58 291
11 275
33 233
53 251
62 273
97 300
500 500
599 866
599 870
592 877
590 866
500 500
749 944
752 955
747 957
726 947
675 900
500 500
40 828
39 852
33 856
48 858
77 850
289 700
500 500
199 342
182 331
174 325
174 323
181 316
500 500
605 842
601 848
601 845
596 837
500 500
509 765
520 759
522 748
518 746
500 500
481 82
480 80
454 75
435 96
500 500
123 963
124 990
121 992
135 1000
289 900
500 500
26 364
4 319
24 307
44 321
66 309
97 300
500 500
474 789
465 800
461 796
452 801
460 779
500 500
499 688
521 709
556 666
561 653
500 500
489 858
494 869
484 875
483 865
485 852
500 500
745 914
748 914
750 919
741 913
675 900
500 500
569 898
534 892
525 897
515 873
500 500
124 310
121 304
133 299
137 291
142 302
297 381
500 500
535 534
568 369
414 352
497 414
500 500
732 909
727 924
715 919
675 900
500 500
680 942
683 948
689 955
689 943
675 900
500 500
179 381
169 378
193 372
193 375
500 500
171 949
160 967
131 959
165 926
289 700
500 500
342 897
317 909
319 914
241 942
289 900
500 500
301 160
315 146
334 119
361 128
500 500
39 795
25 807
23 813
63 807
289 700
500 500
221 496
222 478
208 462
221 463
500 500
62 137
34 141
41 119
44 120
62 100
97 100
500 500
36 58
37 54
39 52
45 58
97 100
500 500
486 81
488 64
485 54
490 62
500 94
500 500
537 51
541 34
540 26
526 18
534 40
482 300
500 500
523 792
523 798
521 801
523 805
530 802
500 500
413 80
398 49
411 5
420 46
431 52
482 300
500 500
654 903
663 907
657 898
654 893
500 500
347 325
316 283
348 284
386 351
500 500
745 841
738 836
731 830
727 827
500 500
348 480
297 479
300 382
325 412
340 435
500 500
574 904
573 905
579 919
588 910
579 904
500 500
846 808
894 879
822 866
783 822
675 700
500 500
698 178
672 129
642 135
612 162
594 200
500 500
201 317
183 312
183 310
200 307
210 315
500 500
240 717
202 772
179 767
178 743
257 667
500 500
439 838
433 838
434 815
500 500
664 667
689 665
659 627
500 500
14 853
8 875
1 892
18 884
42 892
97 900
500 500
580 870
581 876
574 870
500 500
634 953
642 940
649 937
653 935
675 900
500 500
130 325
142 327
144 326
144 327
500 500
580 142
581 134
587 132
585 121
568 107
500 500
499 159
514 130
518 106
533 136
500 500
188 88
183 84
179 85
144 73
163 88
289 300
500 500
196 806
168 823
127 898
137 848
155 811
289 700
500 500
102 404
66 393
65 415
86 444
500 500
762 807
743 851
732 873
707 856
500 500
38 79
29 49
25 39
55 46
97 100
500 500
711 905
713 907
708 930
693 913
690 911
675 900
500 500
669 895
674 900
672 906
671 909
688 899
500 500
673 848
671 852
666 855
649 861
648 844
500 500
573 812
564 826
559 818
553 816
500 500
524 833
529 831
531 827
527 817
500 500
572 857
586 862
601 864
593 840
500 500
703 930
704 940
705 942
693 949
694 940
675 900
500 500
330 52
373 29
499 18
491 40
482 100
500 500
518 786
525 786
528 786
529 779
500 500
4 824
0 670
26 695
65 691
97 700
500 500
275 224
270 216
283 179
295 209
500 500
706 947
704 952
703 953
692 956
675 900
500 500
941 800
963 952
941 947
902 947
867 900
500 500
420 719
411 740
422 762
422 731
500 500
566 275
566 201
571 205
576 208
602 256
500 500
425 906
429 931
415 937
412 937
416 906
500 500
126 419
129 408
159 419
186 414
500 500
241 306
229 317
229 339
241 338
500 500
161 352
157 347
126 365
152 359
157 358
500 500
118 327
90 319
74 352
107 344
482 500
500 500
72 127
29 145
42 159
53 168
7 211
97 300
500 500
593 782
599 803
601 802
599 791
500 500
138 271
140 267
145 242
151 260
176 285
500 500
267 333
254 330
258 317
273 325
500 500
217 285
234 263
237 261
237 260
307 273
500 500
625 834
635 837
646 844
638 817
626 805
500 500
637 772
638 784
611 778
500 500
487 619
519 601
529 574
600 549
500 500
153 45
144 43
151 1
158 4
289 100
500 500
51 34
46 24
49 34
49 38
58 59
97 100
500 500
196 76
197 59
193 52
165 62
196 105
289 300
500 500
131 86
113 88
95 82
116 104
112 118
289 300
500 500
586 48
599 3
553 9
569 28
565 35
482 300
500 500
456 852
459 856
467 859
473 856
500 500
176 182
170 171
165 162
162 152
197 150
482 300
500 500
660 760
667 764
658 764
655 762
500 500
499 805
496 834
488 850
474 811
500 500
500 169
513 166
540 156
561 150
560 178
500 500
238 451
201 402
248 400
246 413
500 500
660 886
635 908
638 891
630 881
500 500
639 513
781 525
795 692
722 621
500 500
561 46
565 47
572 51
567 59
500 500
582 798
589 806
588 819
577 814
500 500
310 365
307 361
268 374
273 392
500 500
482 911
467 937
473 946
480 939
511 904
500 500
51 910
42 920
57 914
63 913
97 900
500 500
707 633
797 701
775 773
762 726
742 699
500 500
205 328
204 332
173 354
185 356
193 365
500 500
51 7
14 19
6 15
10 27
12 29
97 100
500 500
663 944
664 944
681 950
685 953
687 953
675 900
500 500
96 62
93 57
79 48
78 51
97 100
500 500
418 252
418 225
532 256
507 272
503 313
500 500
525 819
531 837
537 858
552 866
543 849
500 500
495 777
493 780
474 784
471 759
500 500
761 965
771 968
777 982
793 984
675 700
500 500
539 773
536 781
533 794
529 786
500 500
105 300
97 300
118 246
130 250
147 226
155 240
500 500
497 765
505 783
506 772
509 746
500 500
589 192
585 173
576 158
589 160
607 175
500 500
539 750
544 786
547 783
565 774
500 500
726 961
726 969
715 979
675 900
500 500
381 213
300 72
304 71
402 111
415 220
482 300
500 500
556 90
560 81
564 87
563 88
500 500
556 714
575 751
581 763
585 761
592 757
500 500
110 938
103 942
102 917
289 700
500 500
538 79
553 62
560 55
545 80
500 500
297 284
273 259
369 228
381 237
500 500
115 40
96 23
94 13
72 4
85 39
97 100
500 500
145 435
116 500
172 491
174 502
500 500
369 479
402 539
477 720
487 724
510 735
500 500
612 959
570 963
576 942
583 939
482 700
500 500
559 953
533 973
531 985
521 982
482 700
500 500
688 857
694 842
703 818
743 800
500 500
91 1000
90 999
52 978
50 965
52 953
97 900
500 500
64 920
61 941
76 933
82 929
82 925
97 900
500 500
451 753
429 830
398 883
376 828
500 500
564 172
572 153
565 141
555 130
500 500
137 860
110 896
97 900
69 911
65 894
68 825
500 500
649 864
675 900
692 925
630 923
567 890
500 500
258 186
218 104
251 48
289 100
278 137
500 500
255 311
235 214
261 258
266 261
500 500
565 36
534 35
517 26
520 46
482 300
500 500
565 898
428 894
482 816
483 808
481 771
482 700
500 500
908 170
675 100
578 87
571 107
609 259
500 500
219 340
168 332
93 132
87 86
97 100
500 500
279 346
236 388
1 405
24 440
0 507
97 500
500 500
671 971
675 981
666 997
289 900
11 840
500 500
792 924
780 925
482 700
500 500
