30
0 145 215
1 151 264
1 159 261
1 130 254
1 128 252
1 163 247
1 146 246
1 161 242
1 142 239
1 163 236
1 148 232
1 128 231
1 156 217
1 129 214
1 146 208
1 164 208
1 141 206
1 147 193
1 164 193
1 129 189
1 155 185
1 139 182
2 137 193
2 137 213
2 137 234
2 137 254
2 155 193
2 155 213
2 155 234
2 155 254
29
145 215
129 214
128 231
128 252
130 254
137 254
146 246
142 239
145 215
141 206
146 208
164 193
164 208
156 217
145 215
147 193
155 185
139 182
129 189
137 193
145 215
163 236
161 242
163 247
159 261
151 264
155 254
148 232
145 215
