147
0 0 0
1 175 821
1 62 495
1 662 959
1 109 216
1 156 748
1 178 957
1 347 184
1 89 814
1 257 265
1 662 892
1 881 69
1 478 9
1 76 79
1 898 650
1 711 766
1 325 163
1 42 411
1 722 221
1 366 190
1 378 521
1 907 497
1 924 738
1 954 524
1 594 724
1 253 89
1 746 971
1 655 716
1 627 301
1 994 958
1 384 833
1 234 979
1 337 173
1 865 383
1 488 878
1 531 291
1 289 151
1 935 667
1 659 800
1 965 898
1 248 436
1 97 623
1 953 932
1 30 810
1 683 120
1 577 83
1 376 751
1 804 302
1 265 688
1 425 392
1 392 371
1 438 417
1 373 511
1 19 913
1 415 49
1 663 461
1 583 355
1 569 522
1 312 683
1 288 508
1 177 874
1 609 113
1 905 309
1 701 895
1 640 112
1 504 95
1 466 606
1 367 726
1 161 8
1 944 892
1 223 393
1 329 371
1 130 888
1 450 443
1 857 128
1 709 966
1 642 967
1 872 705
1 0 414
1 207 911
1 993 855
1 883 147
1 740 490
1 600 372
1 184 48
1 489 259
1 114 737
1 244 783
1 420 439
1 522 41
1 617 177
1 575 340
1 607 806
1 144 513
1 695 974
1 603 507
1 855 318
1 343 206
1 244 929
1 418 513
1 976 38
1 435 672
1 120 988
1 691 853
1 986 418
1 566 975
1 625 733
1 166 787
1 605 798
1 209 194
1 19 892
1 169 840
1 756 913
1 666 928
1 13 829
1 103 304
1 63 384
1 564 787
1 271 50
1 949 738
1 357 228
1 363 898
1 912 704
1 765 462
1 167 348
1 848 405
1 5 76
1 188 65
1 229 41
1 632 968
1 75 96
1 936 903
1 982 492
1 658 258
1 600 833
1 299 593
1 65 277
1 695 468
1 508 995
1 651 522
1 824 865
1 842 802
1 684 432
2 249 249
2 249 747
2 746 249
2 746 747
155
0 0
357 228
489 259
531 291
617 177
722 221
658 258
627 301
575 340
583 355
600 372
684 432
663 461
695 468
740 490
651 522
603 507
569 522
450 443
420 439
438 417
425 392
392 371
249 249
0 0
373 511
378 521
466 606
607 806
662 892
701 895
756 913
746 971
709 966
695 974
666 928
662 959
642 967
632 968
566 975
508 995
488 878
363 898
384 833
249 747
265 688
299 593
288 508
248 436
223 393
0 0
161 8
229 41
271 50
415 49
478 9
522 41
577 83
683 120
640 112
609 113
504 95
366 190
343 206
347 184
337 173
325 163
289 151
253 89
188 65
184 48
0 0
75 96
109 216
144 513
312 683
367 726
376 751
249 747
244 783
177 874
207 911
244 929
234 979
178 957
120 988
19 913
19 892
13 829
30 810
89 814
130 888
169 840
175 821
166 787
156 748
114 737
97 623
42 411
0 0
881 69
976 38
857 128
883 147
746 249
804 302
855 318
905 309
865 383
848 405
986 418
982 492
954 524
907 497
898 650
935 667
949 738
924 738
912 704
872 705
765 462
0 0
329 371
418 513
594 724
625 733
655 716
711 766
746 747
842 802
993 855
965 898
994 958
953 932
936 903
944 892
824 865
691 853
659 800
600 833
605 798
564 787
435 672
0 0
5 76
65 277
103 304
63 384
0 414
62 495
167 348
257 265
209 194
76 79
0 0
