479
0 500 500
1 832 885
1 777 632
1 406 257
1 620 467
1 343 166
1 355 345
1 393 299
1 631 767
1 384 340
1 643 630
1 786 593
1 789 727
1 443 205
1 679 408
1 845 535
1 732 820
1 890 861
1 645 689
1 800 517
1 951 643
1 828 746
1 862 625
1 606 432
1 672 984
1 580 338
1 629 494
1 809 663
1 738 595
1 604 320
1 645 532
1 688 728
1 390 680
1 842 517
1 525 404
1 697 719
1 837 853
1 741 585
1 628 506
1 354 280
1 726 834
1 721 635
1 448 363
1 963 702
1 570 484
1 389 281
1 708 380
1 522 439
1 771 523
1 778 645
1 402 318
1 817 717
1 730 655
1 814 925
1 743 362
1 568 298
1 555 132
1 937 637
1 542 678
1 822 854
1 711 697
1 603 310
1 864 674
1 850 879
1 280 198
1 502 417
1 764 610
1 729 822
1 307 258
1 896 958
1 774 732
1 684 446
1 691 793
1 905 888
1 664 411
1 875 981
1 477 226
1 607 624
1 823 875
1 558 543
1 410 237
1 712 692
1 804 678
1 491 317
1 475 280
1 881 872
1 371 269
1 520 562
1 590 431
1 420 245
1 811 647
1 501 507
1 684 647
1 739 969
1 854 717
1 844 268
1 520 823
1 866 966
1 720 645
1 564 493
1 653 541
1 831 758
1 694 804
1 661 469
1 417 251
1 683 364
1 648 479
1 255 225
1 836 934
1 811 960
1 888 492
1 111 261
1 866 827
1 822 876
1 672 419
1 750 974
1 545 420
1 140 267
1 925 749
1 505 282
1 701 477
1 427 272
1 293 242
1 757 929
1 856 861
1 848 809
1 331 214
1 682 480
1 804 638
1 349 234
1 426 194
1 499 348
1 692 700
1 331 318
1 738 644
1 967 900
1 604 563
1 701 540
1 523 429
1 834 880
1 714 644
1 369 222
1 720 566
1 606 512
1 840 926
1 786 354
1 667 709
1 670 508
1 456 202
1 827 687
1 871 800
1 556 837
1 810 589
1 537 360
1 456 275
1 688 214
1 346 163
1 880 569
1 360 215
1 849 686
1 617 420
1 308 466
1 734 534
1 880 638
1 751 763
1 616 485
1 719 744
1 371 346
1 379 420
1 565 524
1 377 138
1 864 721
1 823 535
1 367 218
1 614 761
1 659 383
1 867 910
1 717 895
1 865 793
1 588 663
1 595 488
1 408 268
1 713 863
1 652 409
1 920 394
1 819 367
1 653 425
1 618 425
1 657 290
1 709 839
1 739 541
1 909 732
1 373 218
1 375 283
1 278 391
1 843 873
1 443 229
1 756 702
1 365 293
1 821 637
1 477 191
1 401 102
1 359 290
1 791 751
1 938 787
1 709 469
1 329 178
1 559 543
1 916 882
1 758 635
1 855 710
1 797 783
1 428 238
1 802 823
1 730 542
1 797 464
1 217 29
1 939 745
1 911 889
1 829 679
1 678 523
1 709 224
1 550 429
1 821 933
1 798 482
1 686 615
1 735 658
1 728 531
1 736 452
1 721 459
1 818 377
1 421 479
1 768 524
1 498 441
1 601 454
1 851 574
1 662 511
1 526 279
1 447 601
1 889 610
1 891 930
1 483 278
1 728 845
1 451 299
1 308 215
1 643 486
1 758 963
1 439 458
1 830 608
1 387 233
1 837 948
1 561 410
1 721 439
1 778 640
1 826 627
1 644 724
1 515 465
1 728 651
1 666 474
1 759 94
1 525 419
1 927 692
1 597 228
1 448 218
1 575 349
1 921 883
1 406 172
1 840 847
1 787 660
1 301 545
1 668 880
1 594 416
1 791 861
1 740 581
1 438 272
1 500 259
1 600 464
1 965 412
1 614 568
1 829 644
1 556 518
1 660 676
1 525 793
1 623 482
1 369 195
1 805 668
1 820 936
1 879 886
1 713 679
1 728 597
1 833 719
1 720 473
1 744 569
1 739 539
1 644 446
1 896 850
1 393 284
1 708 586
1 694 612
1 446 162
1 383 213
1 738 669
1 726 702
1 749 641
1 499 397
1 335 416
1 828 951
1 634 368
1 720 559
1 428 272
1 664 226
1 772 626
1 602 466
1 592 394
1 627 408
1 754 637
1 643 572
1 699 167
1 880 867
1 493 305
1 698 630
1 819 640
1 819 577
1 860 866
1 303 326
1 523 470
1 780 647
1 630 579
1 893 578
1 545 465
1 782 723
1 639 609
1 313 267
1 810 893
1 407 307
1 808 666
1 621 427
1 841 943
1 761 602
1 513 340
1 335 150
1 807 564
1 715 936
1 818 834
1 881 870
1 300 679
1 628 402
1 697 551
1 342 373
1 819 859
1 830 955
1 651 493
1 378 248
1 675 424
1 700 76
1 398 303
1 890 373
1 799 623
1 812 806
1 770 860
1 776 711
1 661 839
1 829 895
1 392 227
1 891 565
1 569 489
1 824 716
1 827 436
1 380 217
1 527 376
1 838 855
1 537 432
1 468 195
1 714 807
1 553 104
1 448 331
1 846 863
1 815 689
1 639 332
1 748 365
1 577 442
1 572 461
1 431 304
1 731 688
1 415 256
1 933 687
1 461 392
1 827 906
1 786 737
1 825 375
1 583 513
1 793 632
1 540 374
1 604 445
1 303 293
1 802 534
1 443 308
1 298 118
1 500 353
1 818 892
1 487 444
1 744 657
1 701 547
1 297 237
1 660 436
1 580 450
1 591 411
1 877 905
1 377 314
1 868 819
1 750 857
1 643 336
1 770 609
1 873 547
1 746 949
1 771 418
1 736 788
1 676 521
1 934 919
1 673 493
1 817 914
1 493 28
1 322 227
1 746 617
1 754 950
1 523 296
1 675 488
1 860 848
1 466 251
1 772 307
1 396 235
1 796 976
1 792 646
1 417 267
1 871 536
1 285 205
1 474 257
1 854 648
1 602 262
1 950 821
1 698 633
1 760 957
1 418 292
1 690 602
1 669 683
1 565 562
1 832 811
1 797 722
1 594 646
1 597 358
1 944 834
1 776 610
1 719 441
1 832 908
1 702 378
1 604 494
1 757 832
1 647 400
1 601 706
2 218 124
2 218 315
2 218 506
2 218 698
2 218 889
2 432 124
2 432 315
2 432 506
2 432 698
2 432 889
2 646 124
2 646 315
2 646 506
2 646 698
2 646 889
2 860 124
2 860 315
2 860 506
2 860 698
2 860 889
500
500 500
342 373
355 345
331 318
359 290
365 293
375 283
389 281
393 284
393 299
398 303
407 307
402 318
384 340
371 346
500 500
768 524
771 523
802 534
823 535
845 535
871 536
873 547
891 565
893 578
880 569
851 574
819 577
810 589
807 564
734 534
500 500
545 465
580 450
577 442
590 431
606 432
604 445
601 454
600 464
602 466
620 467
623 482
616 485
604 494
595 488
570 484
569 489
564 493
583 513
606 512
629 494
643 486
651 493
648 479
666 474
661 469
644 446
660 436
653 425
621 427
618 425
617 420
594 416
591 411
561 410
545 420
550 429
537 432
523 470
500 500
822 876
823 875
834 880
843 873
850 879
832 885
829 895
827 906
832 908
840 926
814 925
817 914
818 892
810 893
646 698
500 500
761 602
764 610
770 609
776 610
799 623
793 632
792 646
780 647
778 645
778 640
777 632
772 626
758 635
754 637
721 635
500 500
862 625
880 638
889 610
937 637
951 643
933 687
927 692
963 702
939 745
909 732
864 721
860 698
864 674
854 648
821 637
500 500
501 507
520 562
565 562
614 568
604 563
559 543
558 543
565 524
556 518
500 500
500 353
483 278
475 280
456 275
474 257
466 251
443 229
448 218
443 205
446 162
477 191
468 195
456 202
477 226
500 259
505 282
513 340
527 376
500 500
515 465
522 439
523 429
525 419
525 404
540 374
537 360
499 348
491 317
493 305
448 363
461 392
499 397
502 417
498 441
487 444
500 500
797 783
812 806
832 811
818 834
840 847
837 853
838 855
822 854
819 859
791 861
770 860
750 857
757 832
714 807
646 698
500 500
630 579
639 609
643 630
684 647
713 679
712 692
692 700
697 719
688 728
667 709
645 689
601 706
588 663
594 646
607 624
500 500
828 746
871 800
868 819
896 850
890 861
905 888
911 889
916 882
934 919
967 900
944 834
950 821
938 787
925 749
860 698
500 500
653 541
697 551
720 559
720 566
708 586
741 585
740 581
744 569
739 541
739 539
730 542
728 531
662 511
628 506
500 500
627 408
628 402
647 400
652 409
672 419
675 424
684 446
721 459
720 473
709 469
701 477
682 480
675 488
673 493
670 508
676 521
678 523
701 540
701 547
690 602
694 612
686 615
643 572
645 532
500 500
572 461
664 411
679 408
719 441
721 439
736 452
771 418
827 436
797 464
798 482
800 517
842 517
860 506
888 492
965 412
920 394
890 373
825 375
818 377
819 367
786 354
844 268
772 307
748 365
743 362
708 380
702 378
683 364
659 383
634 368
643 336
639 332
646 315
602 262
597 228
568 298
603 310
604 320
580 338
575 349
597 358
592 394
500 500
694 804
713 863
717 895
715 936
757 929
746 949
754 950
760 957
758 963
811 960
796 976
750 974
739 969
672 984
646 889
668 880
661 839
500 500
303 326
303 293
313 267
307 258
297 237
293 242
255 225
280 198
285 205
308 215
329 178
331 214
322 227
349 234
354 280
500 500
821 933
820 936
836 934
841 943
837 948
828 951
830 955
866 966
875 981
896 958
891 930
877 905
867 910
860 889
500 500
448 331
443 308
431 304
418 292
408 268
406 257
417 251
415 256
417 267
427 272
428 272
438 272
451 299
500 500
802 823
846 863
856 861
860 866
860 889
879 886
921 883
881 872
881 870
880 867
860 848
866 827
848 809
865 793
831 758
500 500
377 314
371 269
378 248
387 233
380 217
373 218
369 222
367 218
360 215
369 195
383 213
392 227
396 235
410 237
420 245
428 238
500 500
669 683
719 744
774 732
786 737
791 751
751 763
736 788
732 820
729 822
726 834
728 845
709 839
691 793
644 724
646 698
500 500
523 296
526 279
426 194
406 172
346 163
343 166
335 150
298 118
217 29
377 138
401 102
432 124
493 28
553 104
555 132
700 76
759 94
699 167
709 224
688 214
664 226
657 290
646 315
500 500
746 617
804 638
819 640
811 647
809 663
808 666
805 668
829 679
827 687
817 717
815 689
804 678
787 660
500 500
698 630
698 633
714 644
720 645
728 651
730 655
735 658
738 644
749 641
744 657
738 669
731 688
726 702
711 697
660 676
500 500
728 597
738 595
786 593
830 608
826 627
829 644
849 686
855 710
854 717
833 719
824 716
797 722
789 727
782 723
776 711
756 702
500 500
439 458
421 479
379 420
335 416
278 391
218 315
140 267
111 261
308 466
301 545
300 679
390 680
432 698
525 793
520 823
556 837
631 767
614 761
542 678
447 601
500 500
