85
0 40 40
1 22 22
1 36 26
1 21 45
1 45 35
1 55 20
1 33 34
1 50 50
1 55 45
1 26 59
1 40 66
1 55 65
1 35 51
1 62 35
1 62 57
1 62 24
1 21 36
1 33 44
1 9 56
1 62 48
1 66 14
1 44 13
1 26 13
1 11 28
1 7 43
1 17 64
1 41 46
1 55 34
1 35 16
1 52 26
1 43 26
1 31 76
1 22 53
1 26 29
1 50 40
1 55 50
1 54 10
1 60 15
1 47 66
1 30 60
1 30 50
1 12 17
1 15 14
1 16 19
1 21 48
1 50 30
1 51 42
1 50 15
1 48 21
1 12 38
1 15 56
1 29 39
1 54 38
1 55 57
1 67 41
1 10 70
1 6 25
1 65 27
1 40 60
1 70 64
1 64 4
1 36 6
1 30 20
1 20 30
1 15 5
1 50 70
1 57 72
1 45 42
1 38 33
1 50 4
1 66 8
1 59 5
1 35 60
1 27 24
1 40 20
1 40 37
2 17 16
2 17 40
2 17 64
2 38 16
2 38 40
2 38 64
2 60 16
2 60 40
2 60 64
89
40 40
45 35
43 26
48 21
50 15
44 13
36 6
35 16
38 16
40 20
36 26
38 33
40 40
33 44
30 50
22 53
21 48
21 45
29 39
40 37
40 40
45 42
51 42
55 45
60 40
62 35
67 41
62 48
62 57
55 50
50 50
40 40
41 46
40 60
40 66
47 66
50 70
57 72
70 64
60 64
55 65
55 57
40 40
50 30
52 26
55 20
54 10
50 4
59 5
64 4
66 8
66 14
60 15
60 16
62 24
65 27
55 34
54 38
50 40
40 40
35 51
35 60
30 60
26 59
31 76
10 70
17 64
17 64
15 56
9 56
7 43
12 38
21 36
40 40
20 30
11 28
6 25
12 17
16 19
17 16
15 14
15 5
26 13
30 20
27 24
22 22
26 29
33 34
40 40
