710
0 500 500
1 112 700
1 363 779
1 245 896
1 238 19
1 184 351
1 305 763
1 366 814
1 137 857
1 564 31
1 303 157
1 523 830
1 134 231
1 851 445
1 740 311
1 163 95
1 275 499
1 470 814
1 453 217
1 818 525
1 311 911
1 177 374
1 230 4
1 590 302
1 196 103
1 553 879
1 316 446
1 665 375
1 587 609
1 510 95
1 907 455
1 805 956
1 342 345
1 785 309
1 649 584
1 850 24
1 26 126
1 447 817
1 145 527
1 218 825
1 405 151
1 389 436
1 452 619
1 407 367
1 948 514
1 836 996
1 578 334
1 491 929
1 325 696
1 838 842
1 983 788
1 623 549
1 915 72
1 774 336
1 81 238
1 534 537
1 295 406
1 853 358
1 742 581
1 32 964
1 747 352
1 610 799
1 786 853
1 506 168
1 755 957
1 408 67
1 485 734
1 419 256
1 508 155
1 941 589
1 68 42
1 817 595
1 397 274
1 727 302
1 216 237
1 821 320
1 516 531
1 614 163
1 561 920
1 128 834
1 162 534
1 279 644
1 188 329
1 520 301
1 336 782
1 728 230
1 139 848
1 350 154
1 242 162
1 791 925
1 907 497
1 52 593
1 786 457
1 629 745
1 935 439
1 641 78
1 78 835
1 232 226
1 123 479
1 205 840
1 932 357
1 917 917
1 325 559
1 413 373
1 362 477
1 827 881
1 845 263
1 11 938
1 88 535
1 436 200
1 940 319
1 325 59
1 34 264
1 47 470
1 322 89
1 757 29
1 825 289
1 287 304
1 657 82
1 288 406
1 287 623
1 616 828
1 60 445
1 978 511
1 956 171
1 818 184
1 605 464
1 462 934
1 563 229
1 506 33
1 814 68
1 457 26
1 547 983
1 623 49
1 164 326
1 256 410
1 551 8
1 940 421
1 587 947
1 231 470
1 917 773
1 553 355
1 964 782
1 331 857
1 193 135
1 389 572
1 632 320
1 585 987
1 631 844
1 704 809
1 881 194
1 598 542
1 682 37
1 579 317
1 454 676
1 54 971
1 504 747
1 424 367
1 45 177
1 216 986
1 458 390
1 480 741
1 806 752
1 424 65
1 606 280
1 311 237
1 837 594
1 596 957
1 213 118
1 315 173
1 693 538
1 729 167
1 249 497
1 213 878
1 884 558
1 397 475
1 888 399
1 557 197
1 368 270
1 254 421
1 3 697
1 227 994
1 63 432
1 531 811
1 675 657
1 930 645
1 336 439
1 536 219
1 684 432
1 701 543
1 507 829
1 156 483
1 14 568
1 404 597
1 350 781
1 357 207
1 356 501
1 231 732
1 592 613
1 683 261
1 599 58
1 203 387
1 414 285
1 756 280
1 337 957
1 668 18
1 949 898
1 773 165
1 369 303
1 801 597
1 782 190
1 14 583
1 194 98
1 106 109
1 454 45
1 335 464
1 516 730
1 918 58
1 958 984
1 670 508
1 743 477
1 896 962
1 238 669
1 530 678
1 482 11
1 528 853
1 696 404
1 506 702
1 49 895
1 633 782
1 681 633
1 768 575
1 959 76
1 855 313
1 999 440
1 560 58
1 430 401
1 165 27
1 409 50
1 708 176
1 887 99
1 368 21
1 122 330
1 115 722
1 452 297
1 592 406
1 303 284
1 261 751
1 457 506
1 794 809
1 569 561
1 707 87
1 932 133
1 259 874
1 491 948
1 589 818
1 111 973
1 102 759
1 92 873
1 121 799
1 935 711
1 766 638
1 352 905
1 98 147
1 542 425
1 518 201
1 698 252
1 393 751
1 778 80
1 958 155
1 515 267
1 453 759
1 690 37
1 512 720
1 639 940
1 807 88
1 27 543
1 935 133
1 860 400
1 560 922
1 746 237
1 808 146
1 419 421
1 898 206
1 500 650
1 42 529
1 513 915
1 582 155
1 151 700
1 377 563
1 792 436
1 452 748
1 262 200
1 880 549
1 857 677
1 928 229
1 599 351
1 444 301
1 762 972
1 504 609
1 630 246
1 294 651
1 517 798
1 257 162
1 28 367
1 480 944
1 583 268
1 339 933
1 170 87
1 383 541
1 374 641
1 481 226
1 633 172
1 209 321
1 759 813
1 492 115
1 699 276
1 494 177
1 557 821
1 760 939
1 853 444
1 602 517
1 42 343
1 749 800
1 282 613
1 225 766
1 444 199
1 503 69
1 379 107
1 884 863
1 440 849
1 143 882
1 237 146
1 424 765
1 664 891
1 371 638
1 154 338
1 524 941
1 203 567
1 963 505
1 130 180
1 188 880
1 96 258
1 273 915
1 369 562
1 248 583
1 837 987
1 740 64
1 778 263
1 822 285
1 184 529
1 825 387
1 854 308
1 345 503
1 371 598
1 404 507
1 396 527
1 128 660
1 825 977
1 205 897
1 811 299
1 288 488
1 262 947
1 280 952
1 259 962
1 167 434
1 512 612
1 340 895
1 751 32
1 190 391
1 856 988
1 229 602
1 878 929
1 198 480
1 231 546
1 936 255
1 228 916
1 586 852
1 797 290
1 813 941
1 138 787
1 660 256
1 762 77
1 264 482
1 786 959
1 156 554
1 381 778
1 315 370
1 261 635
1 839 874
1 903 37
1 764 69
1 198 639
1 863 385
1 169 450
1 241 911
1 185 809
1 662 253
1 360 595
1 295 900
1 441 491
1 255 971
1 277 404
1 262 911
1 713 61
1 249 921
1 252 887
1 847 375
1 257 944
1 837 937
1 308 645
1 946 162
1 820 95
1 363 917
1 395 485
1 741 220
1 390 612
1 721 248
1 810 241
1 278 420
1 937 191
1 845 993
1 827 859
1 260 961
1 257 935
1 278 563
1 265 989
1 361 517
1 263 616
1 675 855
1 219 927
1 823 980
1 437 562
1 840 868
1 124 627
1 216 635
1 213 699
1 306 690
1 345 627
1 700 251
1 188 772
1 64 633
1 723 320
1 747 321
1 240 382
1 181 742
1 811 977
1 358 544
1 772 392
1 483 560
1 788 903
1 770 261
1 263 601
1 807 47
1 287 642
1 412 517
1 188 843
1 418 542
1 803 661
1 442 876
1 68 1000
1 824 38
1 332 592
1 245 799
1 685 263
1 413 463
1 387 439
1 353 910
1 740 294
1 278 634
1 342 556
1 266 662
1 729 35
1 258 715
1 196 455
1 620 52
1 316 598
1 340 605
1 634 209
1 311 662
1 721 113
1 844 135
1 404 633
1 374 838
1 295 539
1 415 801
1 776 240
1 670 38
1 697 421
1 869 423
1 185 927
1 986 838
1 835 34
1 238 611
1 764 176
1 262 908
1 775 275
1 266 522
1 703 239
1 591 199
1 814 34
1 776 274
1 797 997
1 715 109
1 860 167
1 755 90
1 733 971
1 201 448
1 769 73
1 192 603
1 314 547
1 416 507
1 167 491
1 184 887
1 960 984
1 762 878
1 664 132
1 671 69
1 194 585
1 689 296
1 779 54
1 829 220
1 198 706
1 369 946
1 280 739
1 279 833
1 930 977
1 87 600
1 822 1000
1 352 522
1 779 40
1 247 558
1 891 995
1 734 329
1 354 880
1 70 952
1 740 75
1 845 210
1 710 202
1 784 87
1 835 735
1 961 844
1 740 123
1 870 974
1 801 980
1 315 467
1 499 911
1 291 915
1 643 190
1 41 868
1 802 69
1 593 339
1 373 633
1 653 82
1 138 580
1 300 641
1 427 451
1 860 376
1 734 50
1 688 26
1 788 276
1 294 897
1 103 513
1 758 55
1 374 576
1 771 328
1 754 25
1 303 849
1 864 956
1 943 828
1 223 654
1 268 242
1 211 414
1 833 937
1 361 649
1 743 79
1 844 92
1 859 949
1 283 839
1 465 621
1 700 879
1 393 595
1 725 297
1 394 585
1 399 635
1 340 536
1 183 524
1 235 561
1 129 622
1 918 954
1 518 488
1 182 831
1 424 586
1 245 587
1 445 943
1 787 940
1 716 101
1 779 24
1 437 355
1 530 783
1 445 763
1 288 920
1 288 497
1 837 960
1 795 278
1 509 815
1 182 265
1 803 160
1 250 543
1 246 405
1 306 521
1 124 883
1 244 637
1 754 75
1 296 879
1 318 880
1 789 89
1 407 239
1 331 635
1 468 291
1 290 615
1 249 986
1 254 877
1 347 563
1 802 826
1 325 620
1 361 923
1 835 304
1 188 991
1 467 574
1 333 669
1 784 209
1 327 923
1 99 484
1 270 602
1 331 793
1 379 553
1 756 28
1 336 448
1 323 834
1 585 724
1 323 986
1 804 283
1 319 517
1 604 298
1 685 972
1 304 652
1 264 508
1 336 899
1 256 885
1 128 449
1 877 962
1 674 90
1 312 500
1 298 554
1 631 790
1 756 122
1 183 877
1 820 968
1 488 589
1 185 604
1 768 176
1 880 307
1 184 915
1 327 842
1 482 587
1 242 935
1 220 822
1 335 579
1 284 735
1 861 917
1 281 701
1 901 963
1 740 56
1 74 628
1 879 981
1 286 610
1 848 166
1 349 734
1 229 963
1 130 755
1 792 823
1 289 856
1 879 945
1 404 534
2 103 104
2 103 303
2 103 502
2 103 702
2 103 901
2 302 104
2 302 303
2 302 502
2 302 702
2 302 901
2 501 104
2 501 303
2 501 502
2 501 702
2 501 901
2 701 104
2 701 303
2 701 502
2 701 702
2 701 901
2 900 104
2 900 303
2 900 502
2 900 702
2 900 901
812
500 500
794 809
792 823
802 826
806 752
835 735
701 502
500 500
675 855
700 879
704 809
749 800
701 702
500 500
770 261
776 240
818 184
803 160
848 166
860 167
844 135
887 99
900 104
932 133
935 133
958 155
946 162
956 171
937 191
928 229
898 206
881 194
845 210
829 220
845 263
500 500
808 146
820 95
844 92
850 24
835 34
824 38
814 34
807 47
814 68
802 69
807 88
789 89
784 87
778 80
701 104
500 500
205 897
185 927
184 915
184 887
188 880
183 877
143 882
124 883
103 901
92 873
137 857
139 848
128 834
185 809
500 500
454 676
501 702
485 734
480 741
452 748
453 759
445 763
424 765
415 801
440 849
374 838
366 814
350 781
363 779
381 778
393 751
349 734
325 696
333 669
390 612
404 597
424 586
500 500
467 574
404 633
399 635
373 633
371 638
374 641
361 649
345 627
325 620
340 605
360 595
371 598
393 595
394 585
437 562
500 500
785 309
821 320
855 313
854 308
835 304
825 289
822 285
811 299
797 290
804 283
795 278
788 276
810 241
778 263
776 274
775 275
701 303
500 500
643 190
664 132
701 104
743 79
740 75
740 64
740 56
734 50
729 35
751 32
754 25
756 28
757 29
758 55
779 54
764 69
769 73
762 77
754 75
755 90
756 122
500 500
303 157
257 162
237 146
242 162
262 200
500 500
632 320
660 256
683 261
685 263
698 252
700 251
703 239
710 202
728 230
746 237
721 248
699 276
689 296
500 500
288 488
264 482
231 470
249 497
264 508
275 499
500 500
530 783
531 811
523 830
509 815
517 798
500 500
277 404
240 382
246 405
256 410
254 421
500 500
437 355
424 367
407 367
413 373
430 401
419 421
500 500
345 503
302 502
266 522
250 543
231 546
235 561
203 567
194 585
138 580
87 600
185 604
192 603
216 635
223 654
244 637
238 611
229 602
245 587
248 583
314 547
500 500
715 109
701 104
674 90
657 82
653 82
670 38
682 37
690 37
688 26
668 18
623 49
641 78
582 155
500 500
610 799
631 844
616 828
589 818
500 500
741 220
784 209
782 190
768 176
764 176
773 165
903 37
918 58
915 72
959 76
900 104
936 255
940 319
932 357
880 307
853 358
500 500
634 209
633 172
614 163
599 58
620 52
671 69
713 61
779 24
779 40
707 87
701 104
716 101
721 113
740 123
729 167
708 176
500 500
504 609
500 650
506 702
530 678
512 612
500 500
362 477
361 517
352 522
319 517
340 536
342 556
358 544
379 553
383 541
396 527
500 500
827 859
827 881
839 874
840 868
838 842
701 702
500 500
306 690
302 702
284 735
280 739
261 751
225 766
188 772
181 742
151 700
198 706
213 699
238 669
266 662
278 634
287 623
500 500
213 118
196 103
194 98
170 87
302 303
500 500
414 285
397 274
407 239
419 256
452 297
444 301
500 500
336 448
316 446
315 467
335 464
500 500
553 355
578 334
579 317
604 298
606 280
583 268
515 267
520 301
468 291
500 500
427 451
413 463
397 475
395 485
404 507
416 507
457 506
500 500
201 448
167 434
169 450
196 455
198 480
500 500
369 562
347 563
316 598
290 615
286 610
282 613
270 602
263 601
263 616
261 635
279 644
287 642
300 641
294 651
304 652
308 645
331 635
389 572
500 500
295 406
288 406
278 420
336 439
500 500
318 880
336 899
327 923
311 911
302 901
294 897
295 900
291 915
288 920
273 915
262 911
262 908
256 885
259 874
303 849
331 793
336 782
500 500
599 351
593 339
590 302
563 229
557 197
591 199
630 246
662 253
701 303
725 297
727 302
740 294
756 280
740 311
747 321
734 329
723 320
665 375
500 500
917 773
884 863
900 901
878 929
861 917
500 500
356 501
312 500
288 497
306 521
295 539
247 558
278 563
298 554
325 559
335 579
332 592
374 576
377 563
404 534
500 500
787 940
805 956
811 977
801 980
786 959
701 901
500 500
165 27
230 4
238 19
325 59
302 104
500 500
557 821
586 852
553 879
513 915
528 853
500 500
156 554
103 513
88 535
42 529
27 543
14 568
14 583
52 593
74 628
64 633
3 697
103 702
115 722
112 700
128 660
124 627
129 622
198 639
500 500
569 561
587 609
592 613
649 584
623 549
500 500
130 180
98 147
106 109
103 104
68 42
163 95
193 135
500 500
228 916
219 927
229 963
227 994
216 986
188 991
111 973
68 1000
103 901
70 952
54 971
32 964
11 938
49 895
41 868
78 835
121 799
138 787
500 500
492 115
501 104
510 95
503 69
506 33
457 26
482 11
551 8
564 31
560 58
500 500
323 834
327 842
331 857
340 895
339 933
337 957
323 986
369 946
361 923
363 917
353 910
352 905
354 880
501 702
500 500
444 199
436 200
405 151
379 107
350 154
500 500
813 941
837 960
864 956
837 937
833 937
701 702
500 500
639 940
585 987
596 957
587 947
501 702
500 500
851 445
853 444
869 423
860 400
888 399
940 421
999 440
978 511
963 505
907 497
701 502
500 500
254 877
252 887
245 896
241 911
249 921
242 935
257 935
257 944
262 947
260 961
259 962
255 971
249 986
265 989
280 952
302 901
500 500
768 575
837 594
817 595
801 597
500 500
182 265
216 237
232 226
268 242
311 237
500 500
128 449
63 432
60 445
47 470
99 484
302 502
500 500
506 168
508 155
501 104
454 45
424 65
408 67
409 50
368 21
322 89
500 500
743 477
786 457
792 436
772 392
825 387
863 385
860 376
847 375
774 336
771 328
747 352
696 404
697 421
684 432
605 464
500 500
470 814
447 817
442 876
445 943
462 934
480 944
491 948
491 929
499 911
501 901
507 829
504 747
500 500
837 987
845 993
836 996
822 1000
701 901
500 500
518 488
542 425
602 517
534 537
516 531
500 500
311 662
281 701
258 715
231 732
130 755
102 759
182 831
188 843
205 840
218 825
220 822
213 878
302 901
296 879
289 856
283 839
279 833
245 799
305 763
500 500
183 524
184 529
162 534
145 527
123 479
156 483
167 491
500 500
879 945
896 962
901 963
918 954
917 917
900 901
500 500
369 303
368 270
303 284
287 304
342 345
500 500
943 828
961 844
986 838
983 788
964 782
900 702
500 500
664 891
561 920
560 922
547 983
524 941
501 702
500 500
209 321
164 326
154 338
184 351
177 374
203 387
500 500
762 878
791 925
820 968
760 939
701 901
500 500
357 207
315 173
453 217
481 226
494 177
518 201
536 219
501 303
500 500
211 414
190 391
122 330
188 329
315 370
500 500
859 949
877 962
870 974
879 981
856 988
701 901
500 500
28 367
42 343
34 264
81 238
96 258
103 303
500 500
880 549
884 558
941 589
948 514
935 439
907 455
701 502
500 500
512 720
516 730
631 790
633 782
629 745
585 724
500 500
389 436
134 231
26 126
45 177
103 303
387 439
500 500
441 491
412 517
418 542
452 619
465 621
488 589
482 587
483 560
500 500
458 390
592 406
670 508
693 538
598 542
500 500
681 633
766 638
803 661
742 581
500 500
891 995
930 977
958 984
960 984
949 898
900 901
500 500
759 813
786 853
788 903
755 957
762 972
733 971
701 901
500 500
675 657
825 977
823 980
797 997
685 972
701 901
500 500
701 543
818 525
930 645
935 711
900 702
857 677
500 500
