223
0 500 500
1 753 355
1 663 83
1 725 286
1 581 444
1 700 205
1 630 475
1 560 407
1 848 374
1 752 315
1 454 310
1 685 227
1 747 468
1 540 348
1 882 346
1 762 228
1 884 307
1 681 274
1 761 254
1 791 205
1 699 559
1 694 352
1 679 11
1 656 446
1 428 487
1 838 395
1 554 590
1 567 250
1 769 381
1 753 20
1 710 296
1 653 489
1 711 447
1 516 322
1 704 265
1 742 358
1 578 423
1 923 378
1 451 120
1 449 254
1 626 264
1 701 203
1 751 293
1 835 0
1 810 318
1 640 218
1 493 226
1 483 445
1 671 134
1 465 361
1 521 69
1 894 399
1 824 388
1 605 238
1 848 251
1 561 443
1 663 9
1 768 339
1 634 426
1 590 60
1 735 280
1 842 365
1 671 124
1 680 251
1 615 361
1 558 451
1 884 356
1 746 384
1 687 227
1 855 350
1 656 450
1 560 459
1 591 433
1 451 36
1 747 26
1 753 384
1 530 259
1 739 215
1 537 267
1 742 304
1 509 418
1 667 17
1 534 297
1 605 382
1 470 482
1 817 366
1 815 268
1 728 264
1 778 44
1 856 360
1 818 284
1 666 107
1 628 378
1 538 317
1 715 34
1 875 290
1 495 468
1 584 145
1 725 237
1 563 394
1 775 378
1 587 443
1 535 665
1 696 387
1 704 153
1 667 448
1 557 440
1 682 461
1 762 279
1 824 522
1 764 259
1 759 334
1 750 391
1 893 283
1 900 308
1 595 73
1 641 474
1 597 236
1 294 448
1 852 182
1 526 330
1 735 460
1 901 303
1 639 390
1 545 395
1 494 2
1 741 339
1 795 456
1 783 343
1 694 224
1 756 99
1 698 323
1 683 222
1 704 269
1 769 321
1 596 321
1 605 103
1 507 448
1 567 464
1 743 205
1 622 449
1 767 116
1 745 269
1 603 447
1 634 194
1 832 312
1 796 292
1 662 86
1 608 618
1 489 267
1 837 289
1 478 510
1 569 497
1 611 550
1 749 387
1 683 355
1 682 81
1 701 170
1 653 414
1 584 21
1 683 308
1 659 582
1 668 329
1 662 288
1 897 399
1 770 366
1 540 212
1 606 309
1 581 254
1 582 485
1 848 381
1 828 150
1 536 445
1 531 56
1 707 424
1 587 191
1 770 259
1 702 94
1 823 162
1 644 364
1 570 186
1 552 317
1 626 88
1 999 631
1 860 274
1 354 662
1 625 323
1 654 285
1 785 82
1 650 335
1 637 568
1 449 359
1 885 77
1 552 440
1 810 205
1 628 24
1 728 294
1 733 311
1 750 327
1 727 278
1 618 336
1 537 137
1 718 413
1 725 355
1 710 139
1 723 556
1 449 346
1 731 373
1 349 465
1 572 542
1 612 377
1 711 417
1 678 44
1 604 593
2 412 111
2 412 333
2 412 555
2 647 111
2 647 333
2 647 555
2 882 111
2 882 333
2 882 555
231
500 500
507 448
509 418
545 395
560 407
563 394
540 348
526 330
516 322
538 317
552 317
534 297
537 267
530 259
567 250
540 212
493 226
449 254
454 310
449 346
449 359
465 361
483 445
470 482
500 500
582 485
630 475
641 474
653 489
656 450
656 446
667 448
711 447
735 460
718 413
711 417
707 424
653 414
639 390
634 426
622 449
603 447
587 443
581 444
560 459
500 500
728 264
745 269
761 254
764 259
770 259
762 279
796 292
818 284
837 289
848 251
852 182
828 150
823 162
810 205
791 205
762 228
739 215
725 237
647 333
500 500
605 382
612 377
615 361
618 336
625 323
596 321
606 309
581 254
597 236
605 238
626 264
654 285
662 288
680 251
681 274
683 308
668 329
650 335
644 364
628 378
500 500
683 355
694 352
725 355
742 358
753 355
783 343
768 339
759 334
750 327
752 315
751 293
735 280
727 278
725 286
728 294
742 304
733 311
698 323
500 500
640 218
634 194
587 191
570 186
584 145
671 124
671 134
710 139
704 153
701 170
701 203
700 205
694 224
683 222
685 227
687 227
704 265
704 269
710 296
647 333
500 500
662 86
663 83
678 44
628 24
663 9
667 17
679 11
715 34
747 26
753 20
778 44
835 0
885 77
882 111
785 82
756 99
767 116
743 205
500 500
682 461
747 468
795 456
824 388
838 395
848 381
848 374
842 365
856 360
882 346
884 356
923 378
897 399
894 399
999 631
882 555
824 522
723 556
699 559
659 582
611 550
500 500
696 387
731 373
741 339
769 321
815 268
702 94
682 81
666 107
647 111
626 88
605 103
595 73
590 60
584 21
531 56
521 69
494 2
451 36
451 120
537 137
489 267
500 500
591 433
750 391
749 387
753 384
769 381
775 378
817 366
855 350
884 307
900 308
901 303
893 283
875 290
860 274
832 312
810 318
770 366
746 384
578 423
561 443
500 500
569 497
567 464
558 451
557 440
552 440
536 445
495 468
500 500
478 510
428 487
349 465
294 448
354 662
535 665
554 590
608 618
604 593
637 568
572 542
500 500
