110
0 35 35
1 41 49
1 35 17
1 55 45
1 55 20
1 15 30
1 25 30
1 20 50
1 10 43
1 55 60
1 30 60
1 20 65
1 50 35
1 30 25
1 15 10
1 30 5
1 10 20
1 5 30
1 20 40
1 15 60
1 45 65
1 45 20
1 45 10
1 55 5
1 65 35
1 65 20
1 45 30
1 35 40
1 41 37
1 64 42
1 40 60
1 31 52
1 35 69
1 53 52
1 65 55
1 63 65
1 2 60
1 20 20
1 5 5
1 60 12
1 40 25
1 42 7
1 24 12
1 23 3
1 11 14
1 6 38
1 2 48
1 8 56
1 13 52
1 6 68
1 47 47
1 49 58
1 27 43
1 37 31
1 57 29
1 63 23
1 53 12
1 32 12
1 36 26
1 21 24
1 17 34
1 12 24
1 24 58
1 27 69
1 15 77
1 62 77
1 49 73
1 67 5
1 56 39
1 37 47
1 37 56
1 57 68
1 47 16
1 44 17
1 46 13
1 49 11
1 49 42
1 53 43
1 61 52
1 57 48
1 56 37
1 55 54
1 15 47
1 14 37
1 11 31
1 16 22
1 4 18
1 28 18
1 26 52
1 26 35
1 31 67
1 15 19
1 22 22
1 18 24
1 26 27
1 25 24
1 22 27
1 25 21
1 19 21
1 20 26
1 18 18
2 13 16
2 13 40
2 13 65
2 35 16
2 35 40
2 35 65
2 57 16
2 57 40
2 57 65
115
35 35
25 30
22 27
20 26
21 24
18 24
19 21
16 22
15 19
18 18
20 20
22 22
25 21
25 24
35 35
49 42
53 43
55 45
57 48
61 52
65 55
63 65
57 65
57 68
62 77
49 73
45 65
40 60
37 56
41 49
37 47
35 35
31 52
30 60
35 69
31 67
27 69
15 77
20 65
13 65
15 60
24 58
26 52
20 50
27 43
35 35
57 29
63 23
65 20
55 20
57 16
60 12
67 5
55 5
53 12
49 11
47 16
45 20
35 35
15 30
12 24
10 20
4 18
5 5
11 14
13 16
15 10
23 3
30 5
24 12
28 18
35 35
45 30
50 35
56 37
56 39
57 40
65 35
64 42
53 52
55 54
55 60
49 58
47 47
41 37
35 40
35 35
20 40
15 47
13 52
8 56
6 68
2 60
2 48
10 43
13 40
6 38
5 30
11 31
14 37
17 34
26 35
35 35
37 31
36 26
40 25
44 17
46 13
45 10
42 7
32 12
35 17
30 25
26 27
35 35
