386
0 500 500
1 740 442
1 261 710
1 578 522
1 562 509
1 795 425
1 636 463
1 645 617
1 595 524
1 649 599
1 745 252
1 180 757
1 590 598
1 332 775
1 544 551
1 1000 444
1 581 521
1 240 609
1 700 468
1 735 579
1 403 569
1 352 905
1 733 352
1 289 705
1 598 249
1 565 570
1 711 336
1 816 497
1 769 411
1 409 651
1 231 742
1 575 555
1 567 477
1 693 537
1 521 534
1 457 414
1 826 450
1 638 617
1 245 744
1 235 859
1 233 821
1 863 455
1 739 480
1 311 717
1 567 373
1 753 427
1 547 493
1 732 382
1 664 511
1 945 316
1 250 770
1 598 493
1 262 653
1 568 558
1 877 808
1 395 796
1 467 732
1 685 327
1 260 910
1 571 648
1 747 398
1 571 650
1 541 442
1 841 466
1 744 725
1 662 349
1 686 543
1 184 776
1 177 770
1 664 559
1 802 446
1 110 559
1 662 566
1 605 544
1 287 671
1 556 738
1 615 511
1 293 693
1 375 671
1 383 614
1 834 417
1 704 397
1 255 696
1 708 388
1 799 172
1 298 531
1 740 456
1 661 582
1 664 398
1 659 461
1 630 290
1 267 721
1 682 474
1 269 639
1 577 361
1 540 550
1 370 733
1 546 587
1 708 412
1 724 572
1 416 688
1 544 794
1 714 478
1 916 502
1 313 770
1 464 361
1 356 921
1 776 470
1 477 721
1 733 447
1 724 495
1 272 792
1 491 471
1 348 505
1 168 309
1 595 628
1 227 720
1 781 585
1 228 680
1 807 595
1 582 503
1 327 603
1 505 586
1 235 788
1 135 677
1 716 440
1 221 678
1 633 421
1 826 476
1 879 350
1 738 475
1 676 446
1 388 669
1 465 690
1 543 422
1 675 544
1 770 613
1 309 590
1 434 594
1 647 551
1 468 405
1 0 863
1 663 582
1 209 755
1 966 516
1 580 593
1 221 558
1 230 594
1 329 768
1 786 523
1 636 512
1 704 474
1 819 376
1 516 472
1 724 505
1 565 501
1 404 589
1 663 527
1 901 693
1 254 640
1 726 813
1 253 708
1 269 730
1 823 519
1 586 689
1 739 421
1 706 519
1 726 423
1 614 525
1 239 690
1 643 328
1 793 426
1 221 731
1 290 732
1 709 310
1 654 492
1 745 370
1 459 639
1 618 570
1 613 528
1 808 359
1 652 434
1 258 637
1 722 421
1 837 321
1 68 544
1 191 686
1 535 578
1 242 624
1 371 387
1 835 757
1 671 445
1 764 425
1 771 480
1 242 763
1 670 520
1 580 482
1 292 823
1 547 443
1 807 780
1 520 622
1 797 356
1 555 484
1 747 340
1 228 846
1 760 446
1 734 451
1 604 277
1 790 405
1 680 445
1 741 460
1 244 758
1 632 536
1 600 503
1 562 518
1 672 398
1 620 425
1 852 489
1 577 553
1 235 755
1 879 359
1 187 725
1 724 328
1 775 451
1 283 660
1 195 572
1 830 457
1 205 739
1 733 341
1 884 418
1 434 452
1 716 458
1 495 573
1 579 545
1 228 725
1 604 417
1 806 347
1 420 730
1 626 499
1 555 449
1 326 598
1 551 554
1 177 983
1 794 430
1 771 573
1 135 683
1 487 291
1 239 703
1 789 477
1 273 752
1 521 478
1 677 456
1 505 327
1 453 744
1 321 753
1 509 497
1 749 451
1 633 815
1 796 429
1 341 677
1 797 485
1 571 649
1 276 631
1 857 439
1 587 776
1 750 412
1 752 393
1 338 657
1 206 651
1 170 716
1 831 441
1 104 694
1 809 569
1 591 407
1 605 549
1 201 625
1 300 676
1 548 478
1 637 450
1 706 463
1 788 583
1 611 574
1 176 761
1 404 508
1 798 573
1 614 415
1 257 707
1 780 394
1 729 472
1 547 462
1 379 817
1 539 556
1 498 909
1 275 706
1 726 426
1 269 637
1 780 439
1 724 478
1 832 405
1 229 700
1 223 692
1 512 428
1 623 445
1 763 481
1 817 463
1 755 418
1 655 522
1 720 471
1 286 645
1 320 745
1 111 606
1 289 737
1 636 260
1 184 680
1 679 590
1 256 618
1 200 671
1 264 677
1 326 681
1 102 640
1 229 729
1 553 266
1 519 526
1 692 552
1 709 509
1 547 655
1 794 421
1 189 728
1 565 676
1 326 462
1 687 334
1 298 705
1 582 478
1 737 579
1 458 895
1 663 391
1 394 639
1 352 782
1 621 303
1 268 629
1 440 831
1 748 593
1 400 547
1 268 721
1 226 646
1 578 616
1 648 377
1 446 574
1 502 571
1 574 593
1 459 466
2 72 254
2 72 416
2 72 578
2 72 740
2 72 902
2 215 254
2 215 416
2 215 578
2 215 740
2 215 902
2 358 254
2 358 416
2 358 578
2 358 740
2 358 902
2 500 254
2 500 416
2 500 578
2 500 740
2 500 902
2 643 254
2 643 416
2 643 578
2 643 740
2 643 902
2 786 254
2 786 416
2 786 578
2 786 740
2 786 902
2 929 254
2 929 416
2 929 578
2 929 740
2 929 902
418
500 500
577 361
553 266
598 249
604 277
636 260
630 290
621 303
643 328
685 327
648 377
643 416
500 500
562 509
582 503
595 524
579 545
581 521
578 522
562 518
500 500
748 593
770 613
781 585
788 583
809 569
798 573
786 578
771 573
500 500
722 421
750 412
755 418
769 411
790 405
764 425
753 427
500 500
512 428
541 442
547 443
555 449
547 462
548 478
509 497
500 500
434 594
409 651
388 669
416 688
453 744
467 732
477 721
465 690
500 500
623 445
652 434
671 445
676 446
680 445
677 456
659 461
500 500
547 655
565 676
586 689
556 738
587 776
633 815
498 909
500 902
500 500
724 495
739 480
738 475
729 472
720 471
714 478
704 474
500 500
633 421
664 398
672 398
708 412
704 397
708 388
663 391
614 415
500 500
292 823
272 792
235 788
233 821
228 846
235 859
215 902
177 983
260 910
356 921
352 905
358 902
420 730
500 500
682 474
724 478
763 481
771 480
776 470
789 477
797 485
826 476
816 497
823 519
786 523
643 578
500 500
700 468
706 463
716 458
734 451
733 447
740 442
739 421
726 423
726 426
716 440
500 500
276 631
258 637
254 640
226 646
242 624
256 618
500 500
189 728
180 757
176 761
177 770
184 776
209 755
205 739
215 740
255 696
287 671
500 500
404 508
348 505
326 462
298 531
309 590
326 598
403 569
400 547
500 500
802 446
826 450
831 441
857 439
863 455
884 418
834 417
832 405
786 416
500 500
102 640
135 677
135 683
104 694
72 740
0 863
170 716
187 725
358 578
500 500
338 657
326 681
298 705
289 705
293 693
283 660
286 645
327 603
500 500
300 676
275 706
261 710
257 707
253 708
239 703
264 677
262 653
358 578
500 500
495 573
459 639
394 639
383 614
404 589
446 574
500 500
521 478
555 484
582 478
580 482
565 501
547 493
500 500
521 534
535 578
539 556
544 551
540 550
519 526
500 500
311 717
290 732
289 737
244 758
245 744
269 730
267 721
268 721
358 578
500 500
752 393
780 394
819 376
808 359
806 347
797 356
745 370
733 352
643 416
500 500
670 520
709 509
724 505
706 519
693 537
686 543
500 500
711 336
724 328
733 341
747 340
786 254
799 172
745 252
709 310
687 334
500 500
568 558
575 555
577 553
516 472
491 471
434 452
459 466
500 500
551 554
565 570
546 587
574 593
580 593
590 598
578 616
595 628
571 648
571 649
571 650
520 622
505 586
502 571
500 500
195 572
110 559
68 544
72 578
111 606
184 680
191 686
206 651
201 625
240 609
500 500
638 617
645 617
649 599
679 590
663 582
661 582
662 566
664 559
675 544
647 551
500 500
626 499
654 492
741 460
740 456
749 451
760 446
775 451
780 439
794 430
796 429
793 426
795 425
794 421
786 416
747 398
732 382
500 500
242 763
235 755
231 742
221 731
229 729
228 725
227 720
228 680
358 578
500 500
817 463
830 457
841 466
852 489
916 502
966 516
1000 444
929 416
945 316
879 359
879 350
837 321
662 349
500 500
543 422
567 373
591 407
604 417
620 425
637 450
636 463
598 493
567 477
500 500
613 528
614 525
615 511
636 512
632 536
605 549
605 544
500 500
332 775
352 782
379 817
395 796
440 831
458 895
500 902
544 794
500 500
370 733
358 740
320 745
321 753
329 768
313 770
250 770
273 752
341 677
500 500
221 558
230 594
200 671
221 678
223 692
229 700
239 690
269 639
269 637
268 629
358 578
500 500
457 414
468 405
464 361
505 327
487 291
371 387
358 416
168 309
215 416
375 671
500 500
611 574
618 570
735 579
724 572
692 552
663 527
655 522
664 511
600 503
500 500
737 579
807 595
901 693
929 740
877 808
835 757
807 780
726 813
744 725
643 578
500 500
