223
0 500 500
1 753 355
1 663 83
1 725 286
1 581 444
1 700 205
1 630 475
1 560 407
1 848 374
1 752 315
1 454 310
1 685 227
1 747 468
1 540 348
1 882 346
1 762 228
1 884 307
1 681 274
1 761 254
1 791 205
1 699 559
1 694 352
1 679 11
1 656 446
1 428 487
1 838 395
1 554 590
1 567 250
1 769 381
1 753 20
1 710 296
1 653 489
1 711 447
1 516 322
1 704 265
1 742 358
1 578 423
1 923 378
1 451 120
1 449 254
1 626 264
1 701 203
1 751 293
1 835 0
1 810 318
1 640 218
1 493 226
1 483 445
1 671 134
1 465 361
1 521 69
1 894 399
1 824 388
1 605 238
1 848 251
1 561 443
1 663 9
1 768 339
1 634 426
1 590 60
1 735 280
1 842 365
1 671 124
1 680 251
1 615 361
1 558 451
1 884 356
1 746 384
1 687 227
1 855 350
1 656 450
1 560 459
1 591 433
1 451 36
1 747 26
1 753 384
1 530 259
1 739 215
1 537 267
1 742 304
1 509 418
1 667 17
1 534 297
1 605 382
1 470 482
1 817 366
1 815 268
1 728 264
1 778 44
1 856 360
1 818 284
1 666 107
1 628 378
1 538 317
1 715 34
1 875 290
1 495 468
1 584 145
1 725 237
1 563 394
1 775 378
1 587 443
1 535 665
1 696 387
1 704 153
1 667 448
1 557 440
1 682 461
1 762 279
1 824 522
1 764 259
1 759 334
1 750 391
1 893 283
1 900 308
1 595 73
1 641 474
1 597 236
1 294 448
1 852 182
1 526 330
1 735 460
1 901 303
1 639 390
1 545 395
1 494 2
1 741 339
1 795 456
1 783 343
1 694 224
1 756 99
1 698 323
1 683 222
1 704 269
1 769 321
1 596 321
1 605 103
1 507 448
1 567 464
1 743 205
1 622 449
1 767 116
1 745 269
1 603 447
1 634 194
1 832 312
1 796 292
1 662 86
1 608 618
1 489 267
1 837 289
1 478 510
1 569 497
1 611 550
1 749 387
1 683 355
1 682 81
1 701 170
1 653 414
1 584 21
1 683 308
1 659 582
1 668 329
1 662 288
1 897 399
1 770 366
1 540 212
1 606 309
1 581 254
1 582 485
1 848 381
1 828 150
1 536 445
1 531 56
1 707 424
1 587 191
1 770 259
1 702 94
1 823 162
1 644 364
1 570 186
1 552 317
1 626 88
1 999 631
1 860 274
1 354 662
1 625 323
1 654 285
1 785 82
1 650 335
1 637 568
1 449 359
1 885 77
1 552 440
1 810 205
1 628 24
1 728 294
1 733 311
1 750 327
1 727 278
1 618 336
1 537 137
1 718 413
1 725 355
1 710 139
1 723 556
1 449 346
1 731 373
1 349 465
1 572 542
1 612 377
1 711 417
1 678 44
1 604 593
2 412 111
2 412 333
2 412 555
2 647 111
2 647 333
2 647 555
2 882 111
2 882 333
2 882 555
231
500 500
725 355
742 358
753 355
770 366
783 343
768 339
759 334
741 339
750 327
752 315
751 293
742 304
733 311
683 308
500 500
735 460
747 468
795 456
824 388
838 395
848 381
848 374
842 365
856 360
882 346
884 356
923 378
897 399
894 399
999 631
882 555
824 522
500 500
753 384
769 381
775 378
817 366
855 350
882 333
884 307
900 308
901 303
893 283
875 290
860 274
848 251
837 289
818 284
815 268
796 292
832 312
810 318
769 321
731 373
500 500
605 382
612 377
615 361
618 336
625 323
654 285
662 288
681 274
704 269
704 265
728 264
727 278
725 286
728 294
710 296
698 323
694 352
683 355
644 364
628 378
578 423
500 500
639 390
735 280
745 269
762 279
770 259
764 259
761 254
762 228
725 237
694 224
683 222
685 227
687 227
680 251
500 500
650 335
668 329
767 116
756 99
785 82
882 111
885 77
835 0
778 44
753 20
747 26
715 34
679 11
663 9
667 17
678 44
682 81
702 94
671 124
634 194
605 238
545 395
500 500
603 447
634 426
653 414
696 387
746 384
749 387
750 391
718 413
711 417
707 424
711 447
682 461
667 448
656 446
656 450
622 449
500 500
570 186
537 137
584 145
605 103
626 88
647 111
666 107
662 86
663 83
628 24
584 21
590 60
595 73
531 56
521 69
494 2
451 36
451 120
449 254
500 500
483 445
465 361
449 359
449 346
454 310
489 267
493 226
540 212
567 250
530 259
537 267
534 297
552 317
538 317
516 322
526 330
540 348
509 418
507 448
500 500
478 510
354 662
294 448
349 465
428 487
470 482
495 468
536 445
552 440
557 440
561 443
591 433
587 443
581 444
558 451
560 459
567 464
500 500
581 254
597 236
587 191
647 111
671 134
710 139
704 153
701 170
823 162
828 150
852 182
810 205
791 205
743 205
739 215
701 203
700 205
640 218
626 264
606 309
596 321
563 394
560 407
500 500
572 542
554 590
535 665
608 618
604 593
611 550
637 568
659 582
699 559
723 556
653 489
641 474
630 475
582 485
569 497
500 500
