386
0 500 500
1 740 442
1 261 710
1 578 522
1 562 509
1 795 425
1 636 463
1 645 617
1 595 524
1 649 599
1 745 252
1 180 757
1 590 598
1 332 775
1 544 551
1 1000 444
1 581 521
1 240 609
1 700 468
1 735 579
1 403 569
1 352 905
1 733 352
1 289 705
1 598 249
1 565 570
1 711 336
1 816 497
1 769 411
1 409 651
1 231 742
1 575 555
1 567 477
1 693 537
1 521 534
1 457 414
1 826 450
1 638 617
1 245 744
1 235 859
1 233 821
1 863 455
1 739 480
1 311 717
1 567 373
1 753 427
1 547 493
1 732 382
1 664 511
1 945 316
1 250 770
1 598 493
1 262 653
1 568 558
1 877 808
1 395 796
1 467 732
1 685 327
1 260 910
1 571 648
1 747 398
1 571 650
1 541 442
1 841 466
1 744 725
1 662 349
1 686 543
1 184 776
1 177 770
1 664 559
1 802 446
1 110 559
1 662 566
1 605 544
1 287 671
1 556 738
1 615 511
1 293 693
1 375 671
1 383 614
1 834 417
1 704 397
1 255 696
1 708 388
1 799 172
1 298 531
1 740 456
1 661 582
1 664 398
1 659 461
1 630 290
1 267 721
1 682 474
1 269 639
1 577 361
1 540 550
1 370 733
1 546 587
1 708 412
1 724 572
1 416 688
1 544 794
1 714 478
1 916 502
1 313 770
1 464 361
1 356 921
1 776 470
1 477 721
1 733 447
1 724 495
1 272 792
1 491 471
1 348 505
1 168 309
1 595 628
1 227 720
1 781 585
1 228 680
1 807 595
1 582 503
1 327 603
1 505 586
1 235 788
1 135 677
1 716 440
1 221 678
1 633 421
1 826 476
1 879 350
1 738 475
1 676 446
1 388 669
1 465 690
1 543 422
1 675 544
1 770 613
1 309 590
1 434 594
1 647 551
1 468 405
1 0 863
1 663 582
1 209 755
1 966 516
1 580 593
1 221 558
1 230 594
1 329 768
1 786 523
1 636 512
1 704 474
1 819 376
1 516 472
1 724 505
1 565 501
1 404 589
1 663 527
1 901 693
1 254 640
1 726 813
1 253 708
1 269 730
1 823 519
1 586 689
1 739 421
1 706 519
1 726 423
1 614 525
1 239 690
1 643 328
1 793 426
1 221 731
1 290 732
1 709 310
1 654 492
1 745 370
1 459 639
1 618 570
1 613 528
1 808 359
1 652 434
1 258 637
1 722 421
1 837 321
1 68 544
1 191 686
1 535 578
1 242 624
1 371 387
1 835 757
1 671 445
1 764 425
1 771 480
1 242 763
1 670 520
1 580 482
1 292 823
1 547 443
1 807 780
1 520 622
1 797 356
1 555 484
1 747 340
1 228 846
1 760 446
1 734 451
1 604 277
1 790 405
1 680 445
1 741 460
1 244 758
1 632 536
1 600 503
1 562 518
1 672 398
1 620 425
1 852 489
1 577 553
1 235 755
1 879 359
1 187 725
1 724 328
1 775 451
1 283 660
1 195 572
1 830 457
1 205 739
1 733 341
1 884 418
1 434 452
1 716 458
1 495 573
1 579 545
1 228 725
1 604 417
1 806 347
1 420 730
1 626 499
1 555 449
1 326 598
1 551 554
1 177 983
1 794 430
1 771 573
1 135 683
1 487 291
1 239 703
1 789 477
1 273 752
1 521 478
1 677 456
1 505 327
1 453 744
1 321 753
1 509 497
1 749 451
1 633 815
1 796 429
1 341 677
1 797 485
1 571 649
1 276 631
1 857 439
1 587 776
1 750 412
1 752 393
1 338 657
1 206 651
1 170 716
1 831 441
1 104 694
1 809 569
1 591 407
1 605 549
1 201 625
1 300 676
1 548 478
1 637 450
1 706 463
1 788 583
1 611 574
1 176 761
1 404 508
1 798 573
1 614 415
1 257 707
1 780 394
1 729 472
1 547 462
1 379 817
1 539 556
1 498 909
1 275 706
1 726 426
1 269 637
1 780 439
1 724 478
1 832 405
1 229 700
1 223 692
1 512 428
1 623 445
1 763 481
1 817 463
1 755 418
1 655 522
1 720 471
1 286 645
1 320 745
1 111 606
1 289 737
1 636 260
1 184 680
1 679 590
1 256 618
1 200 671
1 264 677
1 326 681
1 102 640
1 229 729
1 553 266
1 519 526
1 692 552
1 709 509
1 547 655
1 794 421
1 189 728
1 565 676
1 326 462
1 687 334
1 298 705
1 582 478
1 737 579
1 458 895
1 663 391
1 394 639
1 352 782
1 621 303
1 268 629
1 440 831
1 748 593
1 400 547
1 268 721
1 226 646
1 578 616
1 648 377
1 446 574
1 502 571
1 574 593
1 459 466
2 72 254
2 72 416
2 72 578
2 72 740
2 72 902
2 215 254
2 215 416
2 215 578
2 215 740
2 215 902
2 358 254
2 358 416
2 358 578
2 358 740
2 358 902
2 500 254
2 500 416
2 500 578
2 500 740
2 500 902
2 643 254
2 643 416
2 643 578
2 643 740
2 643 902
2 786 254
2 786 416
2 786 578
2 786 740
2 786 902
2 929 254
2 929 416
2 929 578
2 929 740
2 929 902
416
500 500
826 476
830 457
841 466
852 489
863 455
857 439
832 405
834 417
831 441
826 450
817 463
796 429
786 416
500 500
541 442
567 373
577 361
621 303
643 328
648 377
614 415
604 417
591 407
500 500
769 411
786 416
794 421
790 405
819 376
808 359
806 347
797 356
500 500
416 688
453 744
467 732
477 721
465 690
459 639
500 500
229 729
221 731
215 740
209 755
205 739
189 728
187 725
500 500
546 587
574 593
578 616
595 628
590 598
611 574
618 570
577 553
575 555
568 558
565 570
540 550
500 500
682 474
704 474
714 478
724 495
739 480
738 475
729 472
724 478
720 471
706 463
700 468
500 500
320 745
321 753
313 770
329 768
332 775
352 782
358 740
500 500
446 574
495 573
502 571
535 578
539 556
521 534
519 526
500 500
309 590
256 618
268 629
269 637
269 639
276 631
326 598
500 500
647 551
664 559
662 566
661 582
663 582
679 590
649 599
645 617
638 617
571 649
571 648
500 500
509 497
521 478
500 500
544 551
551 554
579 545
562 509
500 500
637 450
708 412
722 421
726 426
726 423
747 398
732 382
708 388
704 397
500 500
771 573
781 585
788 583
798 573
809 569
807 595
770 613
748 593
643 578
500 500
505 586
520 622
547 655
565 676
556 738
586 689
571 650
580 593
605 549
605 544
500 500
716 458
734 451
740 456
741 460
749 451
760 446
780 439
764 425
753 427
740 442
733 447
500 500
235 755
242 763
235 788
184 776
177 770
176 761
215 740
231 742
500 500
562 518
578 522
581 521
595 524
615 511
600 503
582 503
565 501
500 500
375 671
311 717
290 732
269 730
289 705
298 705
326 681
341 677
338 657
358 578
500 500
587 776
633 815
726 813
807 780
835 757
786 740
744 725
500 500
409 651
388 669
289 737
273 752
272 792
250 770
244 758
245 744
267 721
268 721
358 578
500 500
544 794
498 909
458 895
356 921
352 905
358 902
440 831
395 796
420 730
500 500
797 485
816 497
823 519
884 418
879 359
879 350
929 416
1000 444
966 516
916 502
901 693
877 808
786 740
500 500
300 676
293 693
275 706
264 677
283 660
286 645
327 603
500 500
626 499
636 512
664 511
670 520
663 527
655 522
632 536
613 528
614 525
500 500
491 471
459 466
434 452
457 414
468 405
512 428
547 462
516 472
500 500
261 710
257 707
253 708
228 725
227 720
229 700
239 703
255 696
358 578
500 500
662 349
687 334
685 327
630 290
636 260
604 277
598 249
553 266
500 416
500 500
716 440
739 421
750 412
755 418
775 451
789 477
776 470
500 500
110 559
72 578
111 606
102 640
104 694
135 683
184 680
201 625
240 609
500 500
675 544
686 543
693 537
706 519
724 505
709 509
500 500
745 370
733 352
733 341
747 340
837 321
945 316
929 416
780 394
752 393
500 500
692 552
724 572
735 579
737 579
786 523
771 480
763 481
500 500
298 531
221 558
195 572
230 594
242 624
206 651
226 646
254 640
258 637
262 653
358 578
500 500
371 387
464 361
487 291
505 327
543 422
547 443
500 500
404 508
348 505
400 547
403 569
404 589
383 614
394 639
434 594
500 500
623 445
620 425
633 421
652 434
659 461
636 463
500 500
547 493
580 482
582 478
567 477
555 484
548 478
500 500
663 391
664 398
672 398
680 445
677 456
676 446
671 445
500 500
326 462
168 309
72 416
68 544
72 578
135 677
170 716
191 686
200 671
221 678
228 680
223 692
239 690
287 671
500 500
370 733
379 817
292 823
233 821
228 846
235 859
260 910
215 902
177 983
0 863
180 757
215 740
500 500
555 449
711 336
724 328
709 310
745 252
799 172
786 254
795 425
793 426
794 430
802 446
654 492
598 493
500 500
