36
0 162 354
1 218 382
1 218 358
1 201 370
1 214 371
1 224 370
1 210 382
1 104 354
1 126 338
1 119 340
1 129 349
1 126 347
1 125 346
1 116 355
1 126 335
1 125 355
1 119 357
1 115 341
1 153 351
1 175 363
1 180 360
1 159 331
1 188 357
1 152 349
1 215 389
1 212 394
1 188 393
1 207 406
1 184 410
1 207 392
2 124 351
2 124 391
2 164 351
2 164 391
2 204 351
2 204 391
35
162 354
175 363
210 382
218 382
215 389
212 394
207 392
204 391
207 406
184 410
188 393
162 354
153 351
152 349
129 349
126 347
125 346
126 338
126 335
119 340
115 341
104 354
116 355
119 357
125 355
162 354
159 331
162 354
180 360
201 370
214 371
224 370
218 358
188 357
162 354
