60
0 30 40
1 37 52
1 49 49
1 52 64
1 20 26
1 40 30
1 21 47
1 17 63
1 31 62
1 52 33
1 51 21
1 42 41
1 31 32
1 5 25
1 12 42
1 36 16
1 52 41
1 27 23
1 17 33
1 13 13
1 57 58
1 62 42
1 42 57
1 16 57
1 8 52
1 7 38
1 27 68
1 30 48
1 43 67
1 58 48
1 58 27
1 37 69
1 38 46
1 46 10
1 61 33
1 62 63
1 63 69
1 32 22
1 45 35
1 59 15
1 5 6
1 10 17
1 21 10
1 5 64
1 30 15
1 39 10
1 32 39
1 25 32
1 25 55
1 48 28
1 56 37
2 15 17
2 15 38
2 15 59
2 34 17
2 34 38
2 34 59
2 54 17
2 54 38
2 54 59
61
30 40
42 41
57 58
58 48
62 42
61 33
58 27
52 33
56 37
54 38
52 41
45 35
30 40
37 52
31 62
27 68
37 69
43 67
52 64
63 69
62 63
54 59
49 49
42 57
38 46
32 39
30 40
31 32
40 30
48 28
51 21
59 15
46 10
39 10
36 16
34 17
27 23
25 32
30 40
21 47
12 42
7 38
8 52
5 64
17 63
15 59
16 57
25 55
30 48
30 40
17 33
20 26
5 25
10 17
5 6
13 13
15 17
21 10
30 15
32 22
30 40
