147
0 0 0
1 175 821
1 62 495
1 662 959
1 109 216
1 156 748
1 178 957
1 347 184
1 89 814
1 257 265
1 662 892
1 881 69
1 478 9
1 76 79
1 898 650
1 711 766
1 325 163
1 42 411
1 722 221
1 366 190
1 378 521
1 907 497
1 924 738
1 954 524
1 594 724
1 253 89
1 746 971
1 655 716
1 627 301
1 994 958
1 384 833
1 234 979
1 337 173
1 865 383
1 488 878
1 531 291
1 289 151
1 935 667
1 659 800
1 965 898
1 248 436
1 97 623
1 953 932
1 30 810
1 683 120
1 577 83
1 376 751
1 804 302
1 265 688
1 425 392
1 392 371
1 438 417
1 373 511
1 19 913
1 415 49
1 663 461
1 583 355
1 569 522
1 312 683
1 288 508
1 177 874
1 609 113
1 905 309
1 701 895
1 640 112
1 504 95
1 466 606
1 367 726
1 161 8
1 944 892
1 223 393
1 329 371
1 130 888
1 450 443
1 857 128
1 709 966
1 642 967
1 872 705
1 0 414
1 207 911
1 993 855
1 883 147
1 740 490
1 600 372
1 184 48
1 489 259
1 114 737
1 244 783
1 420 439
1 522 41
1 617 177
1 575 340
1 607 806
1 144 513
1 695 974
1 603 507
1 855 318
1 343 206
1 244 929
1 418 513
1 976 38
1 435 672
1 120 988
1 691 853
1 986 418
1 566 975
1 625 733
1 166 787
1 605 798
1 209 194
1 19 892
1 169 840
1 756 913
1 666 928
1 13 829
1 103 304
1 63 384
1 564 787
1 271 50
1 949 738
1 357 228
1 363 898
1 912 704
1 765 462
1 167 348
1 848 405
1 5 76
1 188 65
1 229 41
1 632 968
1 75 96
1 936 903
1 982 492
1 658 258
1 600 833
1 299 593
1 65 277
1 695 468
1 508 995
1 651 522
1 824 865
1 842 802
1 684 432
2 249 249
2 249 747
2 746 249
2 746 747
154
0 0
109 216
167 348
223 393
329 371
392 371
425 392
438 417
450 443
420 439
418 513
378 521
373 511
299 593
288 508
144 513
42 411
63 384
65 277
0 0
248 436
466 606
435 672
564 787
605 798
607 806
600 833
659 800
691 853
662 892
666 928
701 895
756 913
824 865
842 802
872 705
746 747
711 766
655 716
625 733
594 724
651 522
603 507
569 522
0 0
161 8
229 41
271 50
415 49
478 9
522 41
577 83
617 177
640 112
683 120
722 221
658 258
627 301
600 372
583 355
575 340
531 291
489 259
366 190
289 151
76 79
0 0
504 95
609 113
881 69
976 38
857 128
883 147
746 249
804 302
855 318
905 309
986 418
982 492
954 524
898 650
907 497
865 383
848 405
765 462
740 490
695 468
663 461
684 432
0 0
312 683
367 726
376 751
488 878
508 995
566 975
632 968
642 967
662 959
695 974
709 966
746 971
994 958
953 932
936 903
944 892
965 898
993 855
949 738
924 738
912 704
935 667
746 747
0 0
103 304
265 688
249 747
244 783
384 833
363 898
244 929
234 979
178 957
207 911
177 874
130 888
120 988
19 913
19 892
13 829
30 810
89 814
169 840
175 821
166 787
156 748
114 737
97 623
62 495
0 414
0 0
5 76
75 96
209 194
257 265
357 228
343 206
347 184
337 173
325 163
253 89
188 65
184 48
0 0
