779
0 643 512
1 707 407
1 394 355
1 140 470
1 364 215
1 493 857
1 117 466
1 462 38
1 551 479
1 545 460
1 423 274
1 440 602
1 525 357
1 574 994
1 387 377
1 583 424
1 16 481
1 615 427
1 511 799
1 110 518
1 223 506
1 163 520
1 834 419
1 442 482
1 42 547
1 478 421
1 372 108
1 320 252
1 731 372
1 341 234
1 787 331
1 433 254
1 555 397
1 640 350
1 565 185
1 320 196
1 64 374
1 283 411
1 46 582
1 328 453
1 779 448
1 602 152
1 466 934
1 280 317
1 403 425
1 482 80
1 504 575
1 649 348
1 388 331
1 518 731
1 550 364
1 745 421
1 384 205
1 236 226
1 602 498
1 670 80
1 380 177
1 135 333
1 594 841
1 189 250
1 682 470
1 515 19
1 311 39
1 398 363
1 217 615
1 530 879
1 410 679
1 382 240
1 146 456
1 543 339
1 316 436
1 397 382
1 507 783
1 436 314
1 88 469
1 127 428
1 158 431
1 639 444
1 722 341
1 121 445
1 470 876
1 452 69
1 82 446
1 353 318
1 220 551
1 534 495
1 502 5
1 411 463
1 338 218
1 282 593
1 457 514
1 321 215
1 363 948
1 524 256
1 642 783
1 722 576
1 265 503
1 113 541
1 638 920
1 523 805
1 722 444
1 364 408
1 310 484
1 519 392
1 240 338
1 662 429
1 603 451
1 336 290
1 759 337
1 64 496
1 490 148
1 297 386
1 167 488
1 402 351
1 424 152
1 472 108
1 580 538
1 157 385
1 695 410
1 104 462
1 404 98
1 114 450
1 456 111
1 756 305
1 446 59
1 711 772
1 86 489
1 557 516
1 440 70
1 44 553
1 618 456
1 404 261
1 460 908
1 542 837
1 379 268
1 633 383
1 331 210
1 706 444
1 570 378
1 218 347
1 47 445
1 514 367
1 175 505
1 198 390
1 586 552
1 386 95
1 855 567
1 734 396
1 301 140
1 93 530
1 791 501
1 417 932
1 389 341
1 479 232
1 527 829
1 378 185
1 447 23
1 665 479
1 306 896
1 527 14
1 517 904
1 441 419
1 325 83
1 766 356
1 213 449
1 337 208
1 62 529
1 523 506
1 470 121
1 510 286
1 620 439
1 79 545
1 426 246
1 335 881
1 772 362
1 486 62
1 156 404
1 418 385
1 393 293
1 511 494
1 650 348
1 830 577
1 271 262
1 411 558
1 691 255
1 646 356
1 696 414
1 728 486
1 445 131
1 123 427
1 832 697
1 452 828
1 373 318
1 502 188
1 202 424
1 424 669
1 37 391
1 527 551
1 467 76
1 47 399
1 519 673
1 177 563
1 694 337
1 123 536
1 451 780
1 432 394
1 379 160
1 343 284
1 661 442
1 513 508
1 545 767
1 109 240
1 512 821
1 398 332
1 178 479
1 604 453
1 446 505
1 662 382
1 98 478
1 619 86
1 516 265
1 138 412
1 440 331
1 111 379
1 313 75
1 391 814
1 378 124
1 345 109
1 140 505
1 369 214
1 411 92
1 471 938
1 295 494
1 406 535
1 674 546
1 507 9
1 337 217
1 557 465
1 694 200
1 143 453
1 488 429
1 68 566
1 594 723
1 397 360
1 671 843
1 801 435
1 142 482
1 323 793
1 6 644
1 515 950
1 119 570
1 367 377
1 147 488
1 414 917
1 339 119
1 108 87
1 96 431
1 666 440
1 605 490
1 575 507
1 532 463
1 691 613
1 115 540
1 202 497
1 48 487
1 452 152
1 518 830
1 45 426
1 5 557
1 473 812
1 655 506
1 571 78
1 98 491
1 468 325
1 452 156
1 65 509
1 493 503
1 128 283
1 439 366
1 542 852
1 722 697
1 327 183
1 689 497
1 643 790
1 87 460
1 518 247
1 595 425
1 329 840
1 345 290
1 69 439
1 358 159
1 121 388
1 719 414
1 577 932
1 644 669
1 487 810
1 456 549
1 419 419
1 220 574
1 396 468
1 527 214
1 458 24
1 527 678
1 91 444
1 634 503
1 355 117
1 660 435
1 149 516
1 121 467
1 365 233
1 564 673
1 643 335
1 948 666
1 594 567
1 368 64
1 448 908
1 470 869
1 305 267
1 354 303
1 469 868
1 582 349
1 727 340
1 735 436
1 460 476
1 715 554
1 461 906
1 179 434
1 498 36
1 456 827
1 304 429
1 367 144
1 212 389
1 479 327
1 188 416
1 604 443
1 558 409
1 489 275
1 371 88
1 513 866
1 77 520
1 388 135
1 322 335
1 277 459
1 412 274
1 629 454
1 187 463
1 403 56
1 537 411
1 693 319
1 603 794
1 371 214
1 506 171
1 98 529
1 476 2
1 404 102
1 415 273
1 646 464
1 578 488
1 404 330
1 80 541
1 512 538
1 13 417
1 109 606
1 482 173
1 654 46
1 14 285
1 483 231
1 501 824
1 95 565
1 526 585
1 664 331
1 56 415
1 560 452
1 398 275
1 388 344
1 350 350
1 148 546
1 419 366
1 37 552
1 510 758
1 154 358
1 588 23
1 317 496
1 335 338
1 610 553
1 101 531
1 597 86
1 123 393
1 682 434
1 779 374
1 118 357
1 478 137
1 458 252
1 496 396
1 235 313
1 725 432
1 492 69
1 443 349
1 429 390
1 443 58
1 596 262
1 340 304
1 361 281
1 358 258
1 289 187
1 313 208
1 497 189
1 297 425
1 443 516
1 543 458
1 797 465
1 513 45
1 416 336
1 564 201
1 435 16
1 357 400
1 537 509
1 364 62
1 709 500
1 539 440
1 179 201
1 492 865
1 429 5
1 126 408
1 667 984
1 265 491
1 541 338
1 399 351
1 100 480
1 327 163
1 678 434
1 173 106
1 438 63
1 327 276
1 98 557
1 346 168
1 135 440
1 386 214
1 345 84
1 79 687
1 516 484
1 773 468
1 244 603
1 45 401
1 87 537
1 261 108
1 390 262
1 451 812
1 384 935
1 448 83
1 515 532
1 489 973
1 657 919
1 338 317
1 114 522
1 334 393
1 293 326
1 648 460
1 420 336
1 393 348
1 334 288
1 672 434
1 177 517
1 350 158
1 643 781
1 514 33
1 662 863
1 254 350
1 402 378
1 332 925
1 710 395
1 388 325
1 256 400
1 207 297
1 532 516
1 800 371
1 64 440
1 574 924
1 398 75
1 509 86
1 455 472
1 478 223
1 31 603
1 120 491
1 141 450
1 468 101
1 268 677
1 85 472
1 387 214
1 426 270
1 381 324
1 178 485
1 457 865
1 562 354
1 567 453
1 640 442
1 413 912
1 403 427
1 523 918
1 348 343
1 389 370
1 453 486
1 573 379
1 191 580
1 666 551
1 423 683
1 319 275
1 612 413
1 459 44
1 683 490
1 786 466
1 428 878
1 596 138
1 473 859
1 592 373
1 381 210
1 127 314
1 716 359
1 384 243
1 93 482
1 760 471
1 194 604
1 377 303
1 768 315
1 727 512
1 421 623
1 109 807
1 409 79
1 55 365
1 508 407
1 399 120
1 729 403
1 197 490
1 492 445
1 338 393
1 146 443
1 241 369
1 641 437
1 716 603
1 646 486
1 598 569
1 132 542
1 384 384
1 617 237
1 609 513
1 449 444
1 808 393
1 626 449
1 773 960
1 670 376
1 777 492
1 146 551
1 449 809
1 828 575
1 360 508
1 94 660
1 473 382
1 470 821
1 434 322
1 763 520
1 170 460
1 354 262
1 44 445
1 301 175
1 717 388
1 123 484
1 843 415
1 69 466
1 796 452
1 332 777
1 413 237
1 351 384
1 721 522
1 821 294
1 185 440
1 396 325
1 272 191
1 419 258
1 391 760
1 515 18
1 637 988
1 876 412
1 327 110
1 90 512
1 630 373
1 680 354
1 224 510
1 564 151
1 528 173
1 474 967
1 414 347
1 135 481
1 455 897
1 453 24
1 332 558
1 516 867
1 562 814
1 418 933
1 148 784
1 511 480
1 551 776
1 725 450
1 641 263
1 469 558
1 101 446
1 43 517
1 517 138
1 123 383
1 567 415
1 399 115
1 99 504
1 209 156
1 724 617
1 570 935
1 664 488
1 479 56
1 432 59
1 755 709
1 649 209
1 351 149
1 387 178
1 80 463
1 360 169
1 541 838
1 640 488
1 298 260
1 287 721
1 382 315
1 659 867
1 322 258
1 205 652
1 616 354
1 218 21
1 529 714
1 828 384
1 630 396
1 374 408
1 558 250
1 331 335
1 477 75
1 43 364
1 404 366
1 590 632
1 526 74
1 353 335
1 571 270
1 83 360
1 459 934
1 196 555
1 202 337
1 200 385
1 123 437
1 682 409
1 409 376
1 476 39
1 461 174
1 531 448
1 467 127
1 566 402
1 549 831
1 379 273
1 133 461
1 469 68
1 302 430
1 66 510
1 517 292
1 557 57
1 380 411
1 89 524
1 544 311
1 429 219
1 539 887
1 498 861
1 451 15
1 445 659
1 400 240
1 298 186
1 437 355
1 250 655
1 534 558
1 456 479
1 506 804
1 148 404
1 308 962
1 296 419
1 368 320
1 466 505
1 388 190
1 577 164
1 417 375
1 535 830
1 784 347
1 435 53
1 393 173
1 520 751
1 611 658
1 644 335
1 683 655
1 111 557
1 453 44
1 215 464
1 416 198
1 491 848
1 261 548
1 334 468
1 558 308
1 180 394
1 535 942
1 656 628
1 446 325
1 647 503
1 624 371
1 271 71
1 364 389
1 468 103
1 217 249
1 550 410
1 339 322
1 532 826
1 96 395
1 543 380
1 30 452
1 60 500
1 357 65
1 358 152
1 577 491
1 718 433
1 232 501
1 346 235
1 358 411
1 663 543
1 459 113
1 49 567
1 436 854
1 136 439
1 765 305
1 529 87
1 130 452
1 490 841
1 592 865
1 283 390
1 357 323
1 323 281
1 533 53
1 746 699
1 358 957
1 400 325
1 150 462
1 395 247
2 100 85
2 100 250
2 100 416
2 100 581
2 100 747
2 100 912
2 288 85
2 288 250
2 288 416
2 288 581
2 288 747
2 288 912
2 477 85
2 477 250
2 477 416
2 477 581
2 477 747
2 477 912
2 666 85
2 666 250
2 666 416
2 666 581
2 666 747
2 666 912
2 854 85
2 854 250
2 854 416
2 854 581
2 854 747
2 854 912
913
643 512
647 503
663 543
666 551
643 512
448 83
440 70
452 69
469 68
467 76
477 75
482 80
477 85
643 512
365 233
338 218
337 217
341 234
346 235
477 416
643 512
202 497
197 490
178 479
178 485
167 488
175 505
163 520
177 517
288 581
643 512
763 520
791 501
777 492
797 465
786 466
773 468
760 471
728 486
643 512
598 569
519 673
527 678
529 714
518 731
520 751
510 758
545 767
594 723
644 669
643 512
440 331
420 336
416 336
434 322
436 314
446 325
468 325
479 327
643 512
316 436
304 429
328 453
334 468
643 512
512 821
490 841
491 848
473 859
470 869
492 865
493 857
498 861
513 866
516 867
527 829
666 581
643 512
526 74
513 45
514 33
515 19
515 18
507 9
502 5
498 36
486 62
477 85
643 512
432 394
429 390
418 385
409 376
402 378
404 366
417 375
643 512
564 201
565 185
577 164
564 151
597 86
619 86
602 152
666 250
643 512
460 476
455 472
442 482
456 479
643 512
562 354
544 311
516 265
489 275
510 286
517 292
541 338
643 512
114 522
110 518
98 529
93 530
101 531
113 541
115 540
123 536
132 542
288 581
643 512
295 494
265 503
265 491
277 459
283 411
288 416
296 419
297 425
302 430
643 512
604 443
583 424
595 425
612 413
630 396
615 427
620 439
643 512
449 444
419 419
403 425
403 427
396 468
411 463
453 486
643 512
351 384
297 386
283 390
334 393
338 393
374 408
643 512
643 781
642 783
643 790
711 772
722 697
643 512
369 214
364 215
327 183
320 196
313 208
321 215
331 210
337 208
477 416
643 512
537 509
523 506
513 508
493 503
511 494
534 495
643 512
426 270
404 261
412 274
415 273
423 274
643 512
706 444
722 444
718 433
725 432
735 436
725 450
643 512
123 484
121 467
117 466
104 462
114 450
121 445
130 452
133 461
288 416
643 512
391 760
391 814
436 854
452 828
456 827
451 812
477 747
643 512
398 275
390 262
384 243
382 240
395 247
400 240
419 258
643 512
469 558
456 549
411 558
406 535
443 516
457 514
466 505
643 512
16 481
30 452
44 445
47 445
45 426
56 415
100 416
643 512
551 776
532 826
535 830
542 837
541 838
542 852
549 831
562 814
643 512
573 379
570 378
550 364
543 339
525 357
543 380
555 397
643 512
478 137
470 121
472 108
468 103
468 101
459 113
456 111
445 131
461 174
477 250
643 512
722 341
727 340
759 337
756 305
765 305
768 315
821 294
787 331
784 347
766 356
772 362
779 374
745 421
643 512
86 489
64 496
48 487
60 500
65 509
66 510
77 520
87 537
100 581
643 512
322 258
320 252
305 267
319 275
327 276
323 281
334 288
336 290
373 318
477 416
643 512
530 879
517 904
523 918
515 950
535 942
539 887
666 747
643 512
433 254
426 246
413 237
458 252
479 232
483 231
643 512
419 366
398 363
397 360
394 355
389 370
387 377
384 384
397 382
643 512
492 445
488 429
478 421
508 407
643 512
378 124
372 108
345 84
325 83
313 75
288 85
271 71
311 39
357 65
364 62
643 512
268 677
250 655
217 615
194 604
191 580
177 563
196 555
220 574
244 603
282 593
288 581
643 512
659 867
657 919
638 920
577 932
570 935
574 994
637 988
667 984
666 912
773 960
643 512
380 411
364 408
358 411
357 400
364 389
367 377
643 512
655 506
664 488
665 479
648 460
646 464
646 486
640 488
605 490
634 503
643 512
596 138
571 78
557 57
533 53
527 14
588 23
654 46
670 80
666 85
643 512
404 330
400 325
396 325
388 325
381 324
388 331
398 332
643 512
646 356
640 350
649 348
650 348
664 331
644 335
643 335
616 354
630 373
643 512
603 794
594 841
592 865
574 924
662 863
671 843
666 747
643 512
83 360
55 365
43 364
64 374
100 416
643 512
661 442
670 376
662 382
633 383
624 371
582 349
592 373
643 512
119 570
109 606
100 581
44 553
46 582
31 603
6 644
79 687
94 660
477 581
643 512
393 293
379 273
379 268
358 258
354 262
361 281
643 512
527 214
528 173
506 171
490 148
482 173
502 188
497 189
478 223
477 250
643 512
722 576
715 554
721 522
727 512
709 500
643 512
455 897
461 906
460 908
459 934
466 934
471 938
474 967
489 973
477 912
643 512
693 319
641 263
691 255
694 200
649 209
617 237
596 262
643 512
149 516
140 505
98 557
95 565
111 557
146 551
148 546
288 581
643 512
120 491
100 480
98 478
93 482
85 472
88 469
288 416
643 512
350 350
348 343
335 338
331 335
339 322
353 335
643 512
215 464
187 463
170 460
179 434
188 416
202 424
288 416
643 512
384 205
388 190
378 185
380 177
379 160
387 178
416 198
429 219
477 250
643 512
150 462
146 456
143 453
140 470
135 481
142 482
147 488
288 581
643 512
428 878
413 912
414 917
417 932
418 933
384 935
363 948
358 957
332 925
288 912
643 512
272 191
289 187
298 186
301 175
301 140
327 163
346 168
350 158
360 169
477 250
643 512
387 214
386 214
381 210
371 214
358 159
358 152
367 144
393 173
477 250
643 512
526 585
445 659
423 683
424 669
421 623
440 602
504 575
643 512
298 260
271 262
189 250
179 201
109 240
100 250
14 285
100 250
128 283
127 314
135 333
643 512
126 408
96 395
111 379
123 383
121 388
123 393
288 416
643 512
404 102
404 98
411 92
409 79
403 56
398 75
371 88
386 95
399 115
477 250
643 512
796 452
834 419
801 435
779 448
643 512
146 443
141 450
136 439
135 440
123 437
123 427
127 428
138 412
288 416
643 512
660 435
662 429
682 409
695 410
678 434
672 434
666 440
643 512
62 529
43 517
42 547
37 552
5 557
49 567
68 566
100 581
643 512
441 419
439 366
437 355
443 349
473 382
496 396
643 512
254 350
218 347
202 337
235 313
207 297
217 249
236 226
288 250
643 512
322 335
293 326
280 317
240 338
241 369
212 389
200 385
198 390
213 449
256 400
288 416
643 512
101 446
87 460
80 463
69 466
64 440
69 439
82 446
91 444
96 431
100 416
643 512
457 865
448 908
308 962
288 912
306 896
335 881
329 840
323 793
643 512
446 59
443 58
453 44
459 44
462 38
476 39
479 56
477 85
643 512
185 440
158 431
98 491
99 504
90 512
89 524
80 541
79 545
100 581
643 512
580 538
534 558
527 551
512 538
515 532
532 516
643 512
156 404
148 404
100 416
47 399
45 401
37 391
118 357
154 358
157 385
180 394
643 512
828 575
830 577
855 567
948 666
832 697
755 709
746 699
683 655
666 581
643 512
514 367
524 256
518 247
517 138
558 250
571 270
666 416
643 512
476 2
451 15
429 5
435 16
447 23
453 24
458 24
477 85
643 512
414 347
368 320
389 341
388 344
399 351
402 351
643 512
507 783
511 799
506 804
487 810
501 824
518 830
523 805
643 512
351 149
339 119
327 110
345 109
355 117
399 120
388 135
477 250
643 512
551 479
545 460
543 458
532 463
531 448
539 440
557 465
643 512
410 679
332 777
287 721
148 784
109 807
100 747
205 652
220 551
224 510
223 506
261 548
643 512
610 553
594 567
586 552
557 516
575 507
602 498
609 513
643 512
680 354
694 337
716 359
731 372
734 396
717 388
710 395
696 414
682 434
643 512
473 812
470 821
469 868
470 876
449 809
451 780
477 747
643 512
354 303
340 304
338 317
353 318
357 323
393 348
643 512
567 453
560 452
578 488
577 491
643 512
209 156
173 106
108 87
100 85
218 21
261 108
643 512
529 87
509 86
492 69
477 85
467 127
452 152
452 156
643 512
843 415
876 412
828 384
808 393
800 371
729 403
643 512
516 484
511 480
550 410
558 409
566 402
643 512
674 546
716 603
724 617
691 613
656 628
611 658
564 673
590 632
643 512
639 444
640 442
641 437
682 470
683 490
689 497
643 512
558 308
477 250
424 152
343 284
345 290
377 303
382 315
519 392
537 411
643 512
629 454
626 449
618 456
603 451
604 453
643 512
567 415
707 407
719 414
643 512
332 558
232 501
13 417
100 416
310 484
317 496
360 508
446 505
643 512
368 64
432 59
435 53
438 63
477 85
643 512
