579
0 0 0
1 753 355
1 663 83
1 725 286
1 734 504
1 704 145
1 728 311
1 675 58
1 617 242
1 864 334
1 772 258
1 516 109
1 717 123
1 768 161
1 598 365
1 896 569
1 781 281
1 898 397
1 714 126
1 780 311
1 809 60
1 728 244
1 724 219
1 712 177
1 694 432
1 491 157
1 854 648
1 612 179
1 623 337
1 788 320
1 772 378
1 736 308
1 692 303
1 737 334
1 576 27
1 731 360
1 763 301
1 633 578
1 935 244
1 513 73
1 511 133
1 671 349
1 729 254
1 771 261
1 851 278
1 827 365
1 682 113
1 553 425
1 544 282
1 706 165
1 527 26
1 580 220
1 908 303
1 841 306
1 656 34
1 864 196
1 618 270
1 699 347
1 787 289
1 678 11
1 643 387
1 757 114
1 858 395
1 706 157
1 713 243
1 663 319
1 615 448
1 898 477
1 767 131
1 718 334
1 871 216
1 694 435
1 617 345
1 645 75
1 513 50
1 767 259
1 773 313
1 589 104
1 760 287
1 595 425
1 763 240
1 569 225
1 702 417
1 593 51
1 656 83
1 532 93
1 834 351
1 832 274
1 751 126
1 796 290
1 872 212
1 835 257
1 702 185
1 673 187
1 596 422
1 740 147
1 890 180
1 556 120
1 638 386
1 748 319
1 620 112
1 794 226
1 641 383
1 594 302
1 725 400
1 731 321
1 703 296
1 614 503
1 715 179
1 781 317
1 841 365
1 783 270
1 778 420
1 770 372
1 907 192
1 913 434
1 647 749
1 683 171
1 649 324
1 359 195
1 867 471
1 585 218
1 757 323
1 914 399
1 681 323
1 603 251
1 554 275
1 762 315
1 813 342
1 801 379
1 724 14
1 775 342
1 727 221
1 715 314
1 731 363
1 788 250
1 649 29
1 655 407
1 567 325
1 624 88
1 763 422
1 669 54
1 785 537
1 765 384
1 654 348
1 677 313
1 848 491
1 814 112
1 699 70
1 658 353
1 550 42
1 853 372
1 540 24
1 626 65
1 661 37
1 769 395
1 715 396
1 714 325
1 729 241
1 692 271
1 638 306
1 715 360
1 697 213
1 704 114
1 699 231
1 911 240
1 789 296
1 598 279
1 656 384
1 636 117
1 637 296
1 864 347
1 844 382
1 595 121
1 590 28
1 734 288
1 641 174
1 789 60
1 729 563
1 839 459
1 685 249
1 626 159
1 610 15
1 671 265
1 1000 201
1 875 408
1 419 38
1 671 63
1 693 73
1 803 184
1 690 55
1 680 192
1 511 191
1 899 256
1 610 110
1 827 287
1 672 526
1 751 216
1 755 311
1 770 321
1 750 262
1 665 436
1 595 339
1 743 228
1 748 421
1 736 240
1 747 298
1 511 179
1 753 707
1 413 402
1 628 437
1 661 207
1 737 328
1 711 285
1 655 325
1 800 288
1 804 352
1 678 59
1 623 79
1 825 278
1 736 469
1 728 268
1 675 177
1 641 245
1 686 180
1 617 646
1 903 84
1 646 72
1 778 409
1 865 386
1 928 420
1 668 91
1 702 123
1 705 306
1 574 355
1 684 468
1 700 483
1 617 442
1 629 426
1 767 394
1 750 212
1 828 227
1 544 253
1 605 107
1 746 356
1 737 130
1 638 79
1 600 47
1 734 377
1 652 13
1 482 164
1 737 249
1 740 161
1 554 181
1 623 270
1 748 363
1 655 305
1 878 250
1 638 311
1 743 397
1 663 78
1 649 322
1 718 309
1 711 345
1 750 222
1 734 195
1 691 372
1 676 264
1 793 263
1 638 111
1 717 372
1 670 184
1 635 112
1 677 120
1 708 173
1 741 62
1 483 71
1 851 348
1 776 165
1 807 346
1 659 341
1 732 272
1 815 259
1 739 375
1 907 319
1 777 316
1 756 77
1 668 72
1 766 304
1 661 144
1 599 97
1 648 208
1 696 412
1 878 216
1 507 50
1 848 417
1 673 295
1 734 420
1 676 104
1 756 332
1 667 238
1 616 134
1 692 255
1 705 186
1 675 191
1 657 99
1 760 418
1 827 350
1 662 529
1 821 447
1 759 191
1 753 72
1 859 378
1 646 242
1 896 475
1 566 258
1 645 338
1 546 60
1 748 263
1 805 435
1 785 387
1 510 198
1 937 390
1 641 386
1 759 274
1 714 352
1 674 332
1 662 189
1 712 354
1 685 112
1 628 73
1 728 372
1 703 99
1 692 48
1 746 335
1 791 248
1 579 98
1 732 249
1 503 63
1 595 63
1 877 228
1 812 137
1 788 235
1 647 192
1 738 410
1 600 100
1 742 417
1 616 343
1 830 330
1 681 162
1 809 41
1 845 394
1 714 51
1 602 236
1 590 57
1 766 375
1 746 391
1 657 113
1 630 128
1 643 248
1 623 315
1 805 534
1 639 178
1 603 114
1 779 398
1 680 289
1 994 383
1 463 284
1 715 367
1 625 297
1 773 278
1 701 345
1 729 331
1 658 317
1 807 287
1 638 7
1 669 12
1 616 128
1 587 403
1 962 294
1 717 278
1 557 161
1 565 465
1 631 245
1 816 144
1 706 90
1 771 428
1 839 190
1 786 419
1 754 358
1 687 82
1 690 187
1 692 441
1 839 365
1 763 191
1 724 301
1 791 198
1 697 159
1 661 220
1 776 276
1 736 431
1 892 182
1 602 33
1 487 297
1 747 65
1 721 103
1 744 240
1 648 381
1 571 6
1 646 130
1 758 317
1 779 433
1 737 308
1 736 197
1 585 87
1 668 304
1 863 289
1 861 472
1 628 358
1 857 330
1 755 375
1 601 537
1 759 310
1 704 272
1 642 346
1 710 240
1 877 382
1 877 287
1 573 197
1 339 383
1 651 320
1 754 254
1 694 52
1 814 293
1 703 274
1 496 169
1 766 182
1 480 92
1 847 178
1 928 298
1 871 664
1 656 36
1 753 175
1 742 128
1 760 363
1 677 376
1 761 383
1 855 434
1 773 366
1 710 177
1 762 378
1 876 191
1 801 250
1 481 159
1 839 209
1 544 312
1 749 288
1 704 91
1 647 158
1 722 176
1 608 213
1 720 277
1 757 350
1 697 229
1 890 258
1 779 273
1 949 223
1 738 400
1 674 438
1 626 293
1 716 467
1 593 371
1 872 314
1 616 310
1 670 454
1 762 339
1 676 366
1 766 318
1 753 389
1 766 236
1 671 75
1 901 344
1 737 290
1 602 77
1 784 319
1 783 268
1 792 335
1 813 294
1 768 302
1 770 281
1 798 190
1 696 305
1 714 336
1 684 65
1 686 329
1 751 357
1 667 260
1 734 295
1 538 203
1 838 499
1 104 364
1 689 47
1 621 231
1 656 128
1 595 31
1 793 258
1 844 287
1 630 165
1 537 118
1 607 413
1 783 359
1 673 280
1 756 224
1 676 466
1 609 102
1 738 221
1 556 84
1 789 84
1 624 239
1 721 70
1 711 338
1 649 180
1 229 166
1 782 342
1 759 222
1 872 494
1 589 39
1 533 226
1 704 206
1 644 66
1 830 288
1 585 126
1 660 72
1 554 11
1 755 300
1 587 243
1 708 115
1 610 16
1 774 505
1 640 436
1 683 210
1 936 268
1 795 414
1 693 592
1 817 108
1 710 305
1 739 217
1 725 45
1 638 118
1 711 456
1 783 128
1 761 313
1 866 479
1 817 400
1 554 297
1 778 342
1 654 271
1 756 239
1 748 41
1 648 151
1 701 286
1 735 275
1 792 334
1 674 111
1 754 300
1 740 149
1 798 531
1 661 275
1 530 155
1 532 181
1 587 360
1 869 444
1 794 227
2 167 188
2 167 562
2 500 188
2 500 562
2 834 188
2 834 562
622
0 0
792 334
813 342
827 350
834 351
851 348
864 347
864 334
872 314
857 330
830 330
841 306
844 287
863 289
877 287
851 278
832 274
825 278
830 288
827 287
814 293
813 294
807 287
800 288
789 296
500 188
0 0
481 159
482 164
491 157
496 169
511 179
532 181
538 203
573 197
554 181
557 161
530 155
511 133
0 0
847 178
864 196
876 191
890 180
892 182
907 192
1000 201
949 223
935 244
911 240
899 256
936 268
962 294
928 298
908 303
890 258
878 250
877 228
878 216
871 216
872 212
834 188
0 0
638 311
638 306
637 296
654 271
661 275
673 280
680 289
673 295
668 304
655 305
658 317
663 319
681 323
677 313
692 303
696 305
705 306
703 296
701 286
711 285
703 274
704 272
692 271
692 255
685 249
676 264
671 265
667 260
624 239
500 188
0 0
721 103
757 114
783 128
814 112
817 108
812 137
816 144
834 188
839 190
839 209
828 227
835 257
815 259
793 263
793 258
788 250
791 248
788 235
794 227
794 226
791 198
798 190
803 184
776 165
768 161
766 182
763 191
759 191
708 173
0 0
710 305
718 309
724 301
734 295
737 290
734 288
725 286
717 278
720 277
735 275
732 272
728 268
729 254
0 0
480 92
556 84
585 87
599 97
600 100
609 102
624 88
623 79
628 73
638 79
645 75
646 72
644 66
626 65
602 77
595 63
590 57
593 51
600 47
595 31
590 28
576 27
0 0
104 364
339 383
413 402
553 425
595 425
596 422
607 413
587 403
593 371
598 365
587 360
595 339
617 345
616 343
623 315
625 297
626 293
616 310
567 325
544 312
487 297
463 284
167 188
0 0
569 225
602 236
617 242
621 231
648 208
647 192
662 189
661 207
661 220
667 238
646 242
641 245
643 248
623 270
618 270
603 251
587 243
0 0
516 109
537 118
556 120
585 126
595 121
616 128
616 134
626 159
630 165
647 158
648 151
661 144
656 128
646 130
630 128
638 118
636 117
638 111
635 112
620 112
610 110
605 107
603 114
589 104
579 98
532 93
0 0
746 335
756 332
762 339
775 342
778 342
783 359
773 366
770 372
766 375
762 378
755 375
760 363
754 358
757 350
753 355
751 357
748 363
746 356
167 188
0 0
580 220
585 218
608 213
612 179
639 178
641 174
649 180
670 184
673 187
675 191
680 192
686 180
690 187
702 185
705 186
710 177
706 165
706 157
697 159
683 171
681 162
677 120
657 113
0 0
669 54
671 63
675 58
678 59
689 47
692 48
694 52
690 55
699 70
693 73
684 65
671 75
668 72
663 78
660 72
0 0
792 335
807 346
804 352
801 379
817 400
848 417
855 434
869 444
913 434
928 420
994 383
937 390
914 399
898 397
875 408
858 395
845 394
844 382
827 365
839 365
841 365
853 372
859 378
865 386
877 382
901 344
907 319
834 188
0 0
574 355
628 358
654 348
658 353
676 366
691 372
677 376
656 384
648 381
641 383
638 386
641 386
643 387
655 407
696 412
702 417
694 432
694 435
692 441
674 438
665 436
640 436
629 426
628 437
617 442
615 448
565 465
167 188
0 0
670 454
676 466
684 468
700 483
734 504
672 526
662 529
633 578
601 537
167 188
0 0
483 71
503 63
513 73
546 60
550 42
589 39
602 33
638 7
571 6
554 11
540 24
527 26
513 50
507 50
419 38
0 0
715 314
729 331
737 334
718 334
714 336
711 338
711 345
714 352
731 360
731 363
728 372
717 372
715 367
715 360
712 354
701 345
699 347
167 188
0 0
715 396
725 400
742 417
748 421
760 418
763 422
771 428
779 433
838 499
848 491
839 459
821 447
805 435
795 414
786 419
778 420
778 409
779 398
769 395
767 394
785 387
772 378
765 384
761 383
753 389
500 188
0 0
711 456
716 467
736 469
736 431
734 420
738 410
738 400
743 397
746 391
734 377
739 375
737 328
731 321
714 325
686 329
674 332
671 349
659 341
500 188
0 0
747 298
754 300
755 300
763 301
766 304
768 302
773 313
770 321
766 318
762 315
761 313
759 310
755 311
758 317
757 323
748 319
737 308
736 308
167 188
0 0
776 276
781 281
779 273
783 270
783 268
0 0
683 210
697 213
704 206
738 221
743 228
736 240
744 240
756 239
754 254
750 262
748 263
737 249
732 249
728 244
729 241
713 243
710 240
699 231
697 229
0 0
511 191
510 198
533 226
544 253
566 258
598 279
651 320
649 322
649 324
655 325
645 338
642 346
623 337
594 302
554 297
554 275
544 282
359 195
229 166
0 0
675 177
712 177
715 179
722 176
734 195
736 197
750 212
751 216
750 222
739 217
727 221
724 219
0 0
614 503
693 592
729 563
774 505
785 537
798 531
805 534
834 562
896 569
854 648
871 664
753 707
647 749
617 646
0 0
687 82
704 91
703 99
717 123
708 115
704 114
685 112
682 113
674 111
0 0
702 123
714 126
737 130
742 128
751 126
767 131
753 175
740 161
740 149
740 147
704 145
0 0
610 16
610 15
652 13
649 29
656 34
656 36
661 37
669 12
678 11
714 51
725 45
741 62
747 65
721 70
706 90
676 104
657 99
668 91
663 83
656 83
0 0
756 224
759 222
766 236
763 240
767 259
771 261
759 274
760 287
749 288
728 311
631 245
500 188
0 0
772 258
773 278
770 281
787 289
796 290
801 250
834 188
903 84
809 41
809 60
789 60
789 84
756 77
753 72
748 41
724 14
0 0
861 472
867 471
866 479
872 494
898 477
896 475
782 342
788 320
784 319
781 317
777 316
780 311
500 188
0 0
