710
0 500 500
1 112 700
1 363 779
1 245 896
1 238 19
1 184 351
1 305 763
1 366 814
1 137 857
1 564 31
1 303 157
1 523 830
1 134 231
1 851 445
1 740 311
1 163 95
1 275 499
1 470 814
1 453 217
1 818 525
1 311 911
1 177 374
1 230 4
1 590 302
1 196 103
1 553 879
1 316 446
1 665 375
1 587 609
1 510 95
1 907 455
1 805 956
1 342 345
1 785 309
1 649 584
1 850 24
1 26 126
1 447 817
1 145 527
1 218 825
1 405 151
1 389 436
1 452 619
1 407 367
1 948 514
1 836 996
1 578 334
1 491 929
1 325 696
1 838 842
1 983 788
1 623 549
1 915 72
1 774 336
1 81 238
1 534 537
1 295 406
1 853 358
1 742 581
1 32 964
1 747 352
1 610 799
1 786 853
1 506 168
1 755 957
1 408 67
1 485 734
1 419 256
1 508 155
1 941 589
1 68 42
1 817 595
1 397 274
1 727 302
1 216 237
1 821 320
1 516 531
1 614 163
1 561 920
1 128 834
1 162 534
1 279 644
1 188 329
1 520 301
1 336 782
1 728 230
1 139 848
1 350 154
1 242 162
1 791 925
1 907 497
1 52 593
1 786 457
1 629 745
1 935 439
1 641 78
1 78 835
1 232 226
1 123 479
1 205 840
1 932 357
1 917 917
1 325 559
1 413 373
1 362 477
1 827 881
1 845 263
1 11 938
1 88 535
1 436 200
1 940 319
1 325 59
1 34 264
1 47 470
1 322 89
1 757 29
1 825 289
1 287 304
1 657 82
1 288 406
1 287 623
1 616 828
1 60 445
1 978 511
1 956 171
1 818 184
1 605 464
1 462 934
1 563 229
1 506 33
1 814 68
1 457 26
1 547 983
1 623 49
1 164 326
1 256 410
1 551 8
1 940 421
1 587 947
1 231 470
1 917 773
1 553 355
1 964 782
1 331 857
1 193 135
1 389 572
1 632 320
1 585 987
1 631 844
1 704 809
1 881 194
1 598 542
1 682 37
1 579 317
1 454 676
1 54 971
1 504 747
1 424 367
1 45 177
1 216 986
1 458 390
1 480 741
1 806 752
1 424 65
1 606 280
1 311 237
1 837 594
1 596 957
1 213 118
1 315 173
1 693 538
1 729 167
1 249 497
1 213 878
1 884 558
1 397 475
1 888 399
1 557 197
1 368 270
1 254 421
1 3 697
1 227 994
1 63 432
1 531 811
1 675 657
1 930 645
1 336 439
1 536 219
1 684 432
1 701 543
1 507 829
1 156 483
1 14 568
1 404 597
1 350 781
1 357 207
1 356 501
1 231 732
1 592 613
1 683 261
1 599 58
1 203 387
1 414 285
1 756 280
1 337 957
1 668 18
1 949 898
1 773 165
1 369 303
1 801 597
1 782 190
1 14 583
1 194 98
1 106 109
1 454 45
1 335 464
1 516 730
1 918 58
1 958 984
1 670 508
1 743 477
1 896 962
1 238 669
1 530 678
1 482 11
1 528 853
1 696 404
1 506 702
1 49 895
1 633 782
1 681 633
1 768 575
1 959 76
1 855 313
1 999 440
1 560 58
1 430 401
1 165 27
1 409 50
1 708 176
1 887 99
1 368 21
1 122 330
1 115 722
1 452 297
1 592 406
1 303 284
1 261 751
1 457 506
1 794 809
1 569 561
1 707 87
1 932 133
1 259 874
1 491 948
1 589 818
1 111 973
1 102 759
1 92 873
1 121 799
1 935 711
1 766 638
1 352 905
1 98 147
1 542 425
1 518 201
1 698 252
1 393 751
1 778 80
1 958 155
1 515 267
1 453 759
1 690 37
1 512 720
1 639 940
1 807 88
1 27 543
1 935 133
1 860 400
1 560 922
1 746 237
1 808 146
1 419 421
1 898 206
1 500 650
1 42 529
1 513 915
1 582 155
1 151 700
1 377 563
1 792 436
1 452 748
1 262 200
1 880 549
1 857 677
1 928 229
1 599 351
1 444 301
1 762 972
1 504 609
1 630 246
1 294 651
1 517 798
1 257 162
1 28 367
1 480 944
1 583 268
1 339 933
1 170 87
1 383 541
1 374 641
1 481 226
1 633 172
1 209 321
1 759 813
1 492 115
1 699 276
1 494 177
1 557 821
1 760 939
1 853 444
1 602 517
1 42 343
1 749 800
1 282 613
1 225 766
1 444 199
1 503 69
1 379 107
1 884 863
1 440 849
1 143 882
1 237 146
1 424 765
1 664 891
1 371 638
1 154 338
1 524 941
1 203 567
1 963 505
1 130 180
1 188 880
1 96 258
1 273 915
1 369 562
1 248 583
1 837 987
1 740 64
1 778 263
1 822 285
1 184 529
1 825 387
1 854 308
1 345 503
1 371 598
1 404 507
1 396 527
1 128 660
1 825 977
1 205 897
1 811 299
1 288 488
1 262 947
1 280 952
1 259 962
1 167 434
1 512 612
1 340 895
1 751 32
1 190 391
1 856 988
1 229 602
1 878 929
1 198 480
1 231 546
1 936 255
1 228 916
1 586 852
1 797 290
1 813 941
1 138 787
1 660 256
1 762 77
1 264 482
1 786 959
1 156 554
1 381 778
1 315 370
1 261 635
1 839 874
1 903 37
1 764 69
1 198 639
1 863 385
1 169 450
1 241 911
1 185 809
1 662 253
1 360 595
1 295 900
1 441 491
1 255 971
1 277 404
1 262 911
1 713 61
1 249 921
1 252 887
1 847 375
1 257 944
1 837 937
1 308 645
1 946 162
1 820 95
1 363 917
1 395 485
1 741 220
1 390 612
1 721 248
1 810 241
1 278 420
1 937 191
1 845 993
1 827 859
1 260 961
1 257 935
1 278 563
1 265 989
1 361 517
1 263 616
1 675 855
1 219 927
1 823 980
1 437 562
1 840 868
1 124 627
1 216 635
1 213 699
1 306 690
1 345 627
1 700 251
1 188 772
1 64 633
1 723 320
1 747 321
1 240 382
1 181 742
1 811 977
1 358 544
1 772 392
1 483 560
1 788 903
1 770 261
1 263 601
1 807 47
1 287 642
1 412 517
1 188 843
1 418 542
1 803 661
1 442 876
1 68 1000
1 824 38
1 332 592
1 245 799
1 685 263
1 413 463
1 387 439
1 353 910
1 740 294
1 278 634
1 342 556
1 266 662
1 729 35
1 258 715
1 196 455
1 620 52
1 316 598
1 340 605
1 634 209
1 311 662
1 721 113
1 844 135
1 404 633
1 374 838
1 295 539
1 415 801
1 776 240
1 670 38
1 697 421
1 869 423
1 185 927
1 986 838
1 835 34
1 238 611
1 764 176
1 262 908
1 775 275
1 266 522
1 703 239
1 591 199
1 814 34
1 776 274
1 797 997
1 715 109
1 860 167
1 755 90
1 733 971
1 201 448
1 769 73
1 192 603
1 314 547
1 416 507
1 167 491
1 184 887
1 960 984
1 762 878
1 664 132
1 671 69
1 194 585
1 689 296
1 779 54
1 829 220
1 198 706
1 369 946
1 280 739
1 279 833
1 930 977
1 87 600
1 822 1000
1 352 522
1 779 40
1 247 558
1 891 995
1 734 329
1 354 880
1 70 952
1 740 75
1 845 210
1 710 202
1 784 87
1 835 735
1 961 844
1 740 123
1 870 974
1 801 980
1 315 467
1 499 911
1 291 915
1 643 190
1 41 868
1 802 69
1 593 339
1 373 633
1 653 82
1 138 580
1 300 641
1 427 451
1 860 376
1 734 50
1 688 26
1 788 276
1 294 897
1 103 513
1 758 55
1 374 576
1 771 328
1 754 25
1 303 849
1 864 956
1 943 828
1 223 654
1 268 242
1 211 414
1 833 937
1 361 649
1 743 79
1 844 92
1 859 949
1 283 839
1 465 621
1 700 879
1 393 595
1 725 297
1 394 585
1 399 635
1 340 536
1 183 524
1 235 561
1 129 622
1 918 954
1 518 488
1 182 831
1 424 586
1 245 587
1 445 943
1 787 940
1 716 101
1 779 24
1 437 355
1 530 783
1 445 763
1 288 920
1 288 497
1 837 960
1 795 278
1 509 815
1 182 265
1 803 160
1 250 543
1 246 405
1 306 521
1 124 883
1 244 637
1 754 75
1 296 879
1 318 880
1 789 89
1 407 239
1 331 635
1 468 291
1 290 615
1 249 986
1 254 877
1 347 563
1 802 826
1 325 620
1 361 923
1 835 304
1 188 991
1 467 574
1 333 669
1 784 209
1 327 923
1 99 484
1 270 602
1 331 793
1 379 553
1 756 28
1 336 448
1 323 834
1 585 724
1 323 986
1 804 283
1 319 517
1 604 298
1 685 972
1 304 652
1 264 508
1 336 899
1 256 885
1 128 449
1 877 962
1 674 90
1 312 500
1 298 554
1 631 790
1 756 122
1 183 877
1 820 968
1 488 589
1 185 604
1 768 176
1 880 307
1 184 915
1 327 842
1 482 587
1 242 935
1 220 822
1 335 579
1 284 735
1 861 917
1 281 701
1 901 963
1 740 56
1 74 628
1 879 981
1 286 610
1 848 166
1 349 734
1 229 963
1 130 755
1 792 823
1 289 856
1 879 945
1 404 534
2 103 104
2 103 303
2 103 502
2 103 702
2 103 901
2 302 104
2 302 303
2 302 502
2 302 702
2 302 901
2 501 104
2 501 303
2 501 502
2 501 702
2 501 901
2 701 104
2 701 303
2 701 502
2 701 702
2 701 901
2 900 104
2 900 303
2 900 502
2 900 702
2 900 901
810
500 500
128 449
60 445
47 470
99 484
103 502
103 513
123 479
500 500
941 589
948 514
963 505
978 511
999 440
907 497
900 502
500 500
877 962
879 981
891 995
896 962
900 901
500 500
340 895
336 899
311 911
302 901
291 915
288 920
327 923
339 933
337 957
369 946
361 923
353 910
352 905
500 500
156 554
138 580
129 622
124 627
87 600
74 628
64 633
3 697
52 593
14 583
14 568
27 543
42 529
88 535
103 502
145 527
500 500
177 374
184 351
154 338
164 326
188 329
209 321
500 500
710 202
708 176
729 167
715 109
721 113
740 123
756 122
773 165
764 176
768 176
782 190
741 220
728 230
721 248
701 303
500 500
240 382
203 387
190 391
211 414
246 405
500 500
685 972
733 971
762 972
755 957
760 939
701 901
500 500
943 828
961 844
986 838
983 788
964 782
900 702
500 500
259 874
254 877
256 885
252 887
245 896
262 908
262 911
273 915
257 935
249 921
241 911
228 916
205 897
213 878
302 702
500 500
825 387
847 375
853 358
860 376
863 385
860 400
869 423
888 399
932 357
940 421
935 439
907 455
853 444
851 445
792 436
701 502
500 500
248 583
245 587
238 611
229 602
203 567
194 585
192 603
185 604
198 639
216 635
223 654
238 669
266 662
261 635
263 616
263 601
270 602
500 500
389 572
374 576
290 615
286 610
282 613
287 623
278 634
279 644
287 642
300 641
294 651
304 652
311 662
308 645
331 635
500 500
770 261
776 240
784 209
818 184
803 160
808 146
807 88
820 95
844 92
887 99
900 104
844 135
848 166
860 167
881 194
898 206
845 210
829 220
810 241
778 263
500 500
563 229
653 82
641 78
623 49
620 52
599 58
560 58
564 31
551 8
482 11
506 33
503 69
510 95
501 104
508 155
506 168
500 500
198 480
196 455
169 450
167 434
201 448
500 500
361 517
352 522
340 536
342 556
335 579
369 562
500 500
306 521
264 508
249 497
183 524
184 529
231 546
235 561
247 558
250 543
278 563
298 554
314 547
500 500
333 669
325 696
306 690
281 701
258 715
198 706
231 732
225 766
261 751
280 739
284 735
305 763
349 734
500 500
470 814
509 815
507 829
523 830
531 811
517 798
500 500
520 301
515 267
583 268
606 280
604 298
590 302
579 317
578 334
599 351
592 406
542 425
518 488
500 500
787 940
786 959
805 956
813 941
788 903
701 702
500 500
303 849
296 879
294 897
295 900
302 901
280 952
255 971
259 962
260 961
262 947
257 944
242 935
219 927
185 927
216 986
227 994
249 986
265 989
323 986
363 917
500 500
393 751
381 778
363 779
350 781
336 782
331 793
323 834
327 842
331 857
318 880
354 880
374 838
415 801
424 765
500 500
587 947
560 922
561 920
553 879
528 853
501 702
500 500
859 949
879 945
878 929
861 917
701 702
500 500
689 296
699 276
685 263
683 261
698 252
700 251
776 274
775 275
756 280
740 294
725 297
727 302
740 311
771 328
774 336
747 352
500 500
237 146
213 118
196 103
194 98
163 95
302 303
500 500
794 809
806 752
835 735
857 677
803 661
701 502
500 500
602 517
693 538
701 543
623 549
500 500
482 587
488 589
504 609
500 650
530 678
512 612
500 500
778 80
784 87
789 89
802 69
814 68
850 24
835 34
824 38
814 34
807 47
779 24
779 40
779 54
769 73
755 90
701 104
500 500
336 439
278 420
277 404
288 406
295 406
500 500
827 881
839 874
840 868
827 859
838 842
701 702
500 500
837 594
935 711
930 645
884 558
880 549
701 502
500 500
792 823
802 826
786 853
759 813
749 800
701 702
500 500
447 817
440 849
442 876
445 943
462 934
480 944
491 948
491 929
499 911
524 941
513 915
501 702
500 500
901 963
930 977
958 984
960 984
900 901
500 500
413 463
387 439
389 436
427 451
500 500
516 531
534 537
569 561
587 609
598 542
500 500
419 421
430 401
413 373
407 367
424 367
437 355
500 500
483 560
467 574
500 500
213 699
181 742
188 772
185 809
182 831
137 857
139 848
128 834
78 835
121 799
138 787
130 755
102 759
115 722
103 702
112 700
151 700
128 660
500 500
716 101
743 79
740 75
740 64
734 50
740 56
754 75
762 77
764 69
758 55
751 32
757 29
756 28
754 25
729 35
690 37
713 61
701 104
500 500
122 330
103 303
34 264
42 343
28 367
63 432
500 500
193 135
170 87
165 27
230 4
238 19
302 104
500 500
536 219
557 197
591 199
582 155
614 163
633 172
643 190
634 209
630 246
660 256
662 253
703 239
746 237
701 303
500 500
130 180
98 147
106 109
103 104
68 42
26 126
45 177
500 500
424 586
404 597
390 612
373 633
371 638
374 641
361 649
345 627
325 620
316 598
332 592
340 605
360 595
371 598
393 595
394 585
500 500
704 809
700 879
675 855
631 790
500 500
303 157
302 104
322 89
325 59
368 21
379 107
350 154
500 500
468 291
452 297
444 301
414 285
500 500
518 201
494 177
444 199
436 200
453 217
481 226
500 500
940 319
936 255
928 229
937 191
956 171
946 162
958 155
935 133
932 133
959 76
918 58
903 37
915 72
900 104
845 263
811 299
500 500
437 562
452 619
465 621
454 676
404 633
399 635
377 563
379 553
383 541
396 527
404 534
418 542
412 517
441 491
457 506
500 500
772 392
821 320
855 313
880 307
854 308
835 304
825 289
822 285
804 283
795 278
788 276
797 290
785 309
747 321
734 329
723 320
701 303
500 500
664 891
639 940
596 957
585 987
547 983
501 702
500 500
369 303
342 345
315 370
500 500
762 878
791 925
820 968
837 960
833 937
701 702
500 500
183 877
188 880
184 887
111 973
68 1000
54 971
32 964
11 938
70 952
103 901
49 895
41 868
92 873
124 883
143 882
188 843
500 500
266 522
162 534
156 483
167 491
231 470
264 482
288 488
500 500
405 151
424 65
457 26
454 45
492 115
501 303
500 500
244 637
245 799
220 822
218 825
205 840
184 915
188 991
229 963
302 901
289 856
283 839
279 833
366 814
445 763
453 759
452 748
480 741
485 734
504 747
500 500
837 987
845 993
836 996
822 1000
701 901
500 500
589 818
586 852
631 844
616 828
500 500
287 304
232 226
216 237
182 265
500 500
837 937
864 956
870 974
856 988
825 977
701 901
500 500
823 980
811 977
801 980
797 997
701 901
500 500
416 507
404 507
395 485
362 477
335 464
336 448
397 475
500 500
397 274
368 270
357 207
407 239
419 256
500 500
408 67
409 50
668 18
670 38
688 26
682 37
671 69
657 82
674 90
707 87
701 104
664 132
500 500
768 575
818 525
817 595
801 597
766 638
500 500
649 584
742 581
681 633
675 657
592 613
500 500
585 724
629 745
633 782
610 799
557 821
530 783
500 500
917 773
949 898
918 954
917 917
900 901
884 863
500 500
356 501
345 503
312 500
275 499
254 421
256 410
316 446
315 467
500 500
605 464
670 508
743 477
786 457
684 432
697 421
696 404
665 375
632 320
593 339
553 355
458 390
500 500
96 258
81 238
134 231
242 162
257 162
302 303
500 500
311 237
315 173
262 200
268 242
303 284
500 500
358 544
319 517
288 497
295 539
325 559
347 563
516 730
512 720
506 702
500 500
