386
0 500 500
1 740 442
1 261 710
1 578 522
1 562 509
1 795 425
1 636 463
1 645 617
1 595 524
1 649 599
1 745 252
1 180 757
1 590 598
1 332 775
1 544 551
1 1000 444
1 581 521
1 240 609
1 700 468
1 735 579
1 403 569
1 352 905
1 733 352
1 289 705
1 598 249
1 565 570
1 711 336
1 816 497
1 769 411
1 409 651
1 231 742
1 575 555
1 567 477
1 693 537
1 521 534
1 457 414
1 826 450
1 638 617
1 245 744
1 235 859
1 233 821
1 863 455
1 739 480
1 311 717
1 567 373
1 753 427
1 547 493
1 732 382
1 664 511
1 945 316
1 250 770
1 598 493
1 262 653
1 568 558
1 877 808
1 395 796
1 467 732
1 685 327
1 260 910
1 571 648
1 747 398
1 571 650
1 541 442
1 841 466
1 744 725
1 662 349
1 686 543
1 184 776
1 177 770
1 664 559
1 802 446
1 110 559
1 662 566
1 605 544
1 287 671
1 556 738
1 615 511
1 293 693
1 375 671
1 383 614
1 834 417
1 704 397
1 255 696
1 708 388
1 799 172
1 298 531
1 740 456
1 661 582
1 664 398
1 659 461
1 630 290
1 267 721
1 682 474
1 269 639
1 577 361
1 540 550
1 370 733
1 546 587
1 708 412
1 724 572
1 416 688
1 544 794
1 714 478
1 916 502
1 313 770
1 464 361
1 356 921
1 776 470
1 477 721
1 733 447
1 724 495
1 272 792
1 491 471
1 348 505
1 168 309
1 595 628
1 227 720
1 781 585
1 228 680
1 807 595
1 582 503
1 327 603
1 505 586
1 235 788
1 135 677
1 716 440
1 221 678
1 633 421
1 826 476
1 879 350
1 738 475
1 676 446
1 388 669
1 465 690
1 543 422
1 675 544
1 770 613
1 309 590
1 434 594
1 647 551
1 468 405
1 0 863
1 663 582
1 209 755
1 966 516
1 580 593
1 221 558
1 230 594
1 329 768
1 786 523
1 636 512
1 704 474
1 819 376
1 516 472
1 724 505
1 565 501
1 404 589
1 663 527
1 901 693
1 254 640
1 726 813
1 253 708
1 269 730
1 823 519
1 586 689
1 739 421
1 706 519
1 726 423
1 614 525
1 239 690
1 643 328
1 793 426
1 221 731
1 290 732
1 709 310
1 654 492
1 745 370
1 459 639
1 618 570
1 613 528
1 808 359
1 652 434
1 258 637
1 722 421
1 837 321
1 68 544
1 191 686
1 535 578
1 242 624
1 371 387
1 835 757
1 671 445
1 764 425
1 771 480
1 242 763
1 670 520
1 580 482
1 292 823
1 547 443
1 807 780
1 520 622
1 797 356
1 555 484
1 747 340
1 228 846
1 760 446
1 734 451
1 604 277
1 790 405
1 680 445
1 741 460
1 244 758
1 632 536
1 600 503
1 562 518
1 672 398
1 620 425
1 852 489
1 577 553
1 235 755
1 879 359
1 187 725
1 724 328
1 775 451
1 283 660
1 195 572
1 830 457
1 205 739
1 733 341
1 884 418
1 434 452
1 716 458
1 495 573
1 579 545
1 228 725
1 604 417
1 806 347
1 420 730
1 626 499
1 555 449
1 326 598
1 551 554
1 177 983
1 794 430
1 771 573
1 135 683
1 487 291
1 239 703
1 789 477
1 273 752
1 521 478
1 677 456
1 505 327
1 453 744
1 321 753
1 509 497
1 749 451
1 633 815
1 796 429
1 341 677
1 797 485
1 571 649
1 276 631
1 857 439
1 587 776
1 750 412
1 752 393
1 338 657
1 206 651
1 170 716
1 831 441
1 104 694
1 809 569
1 591 407
1 605 549
1 201 625
1 300 676
1 548 478
1 637 450
1 706 463
1 788 583
1 611 574
1 176 761
1 404 508
1 798 573
1 614 415
1 257 707
1 780 394
1 729 472
1 547 462
1 379 817
1 539 556
1 498 909
1 275 706
1 726 426
1 269 637
1 780 439
1 724 478
1 832 405
1 229 700
1 223 692
1 512 428
1 623 445
1 763 481
1 817 463
1 755 418
1 655 522
1 720 471
1 286 645
1 320 745
1 111 606
1 289 737
1 636 260
1 184 680
1 679 590
1 256 618
1 200 671
1 264 677
1 326 681
1 102 640
1 229 729
1 553 266
1 519 526
1 692 552
1 709 509
1 547 655
1 794 421
1 189 728
1 565 676
1 326 462
1 687 334
1 298 705
1 582 478
1 737 579
1 458 895
1 663 391
1 394 639
1 352 782
1 621 303
1 268 629
1 440 831
1 748 593
1 400 547
1 268 721
1 226 646
1 578 616
1 648 377
1 446 574
1 502 571
1 574 593
1 459 466
2 72 254
2 72 416
2 72 578
2 72 740
2 72 902
2 215 254
2 215 416
2 215 578
2 215 740
2 215 902
2 358 254
2 358 416
2 358 578
2 358 740
2 358 902
2 500 254
2 500 416
2 500 578
2 500 740
2 500 902
2 643 254
2 643 416
2 643 578
2 643 740
2 643 902
2 786 254
2 786 416
2 786 578
2 786 740
2 786 902
2 929 254
2 929 416
2 929 578
2 929 740
2 929 902
417
500 500
763 481
771 480
776 470
789 477
797 485
816 497
826 476
817 463
802 446
786 416
500 500
716 440
726 426
726 423
722 421
708 412
704 397
500 500
239 703
229 729
215 740
231 742
245 744
235 755
244 758
242 763
235 788
250 770
273 752
500 500
562 509
562 518
578 522
581 521
605 544
605 549
577 553
575 555
568 558
500 500
547 493
580 482
582 478
567 477
555 484
509 497
500 500
256 618
242 624
254 640
258 637
269 639
269 637
276 631
500 500
540 550
544 551
551 554
546 587
535 578
539 556
519 526
500 500
682 474
704 474
720 471
724 478
729 472
739 480
738 475
741 460
734 451
733 447
716 458
706 463
677 456
500 500
255 696
221 731
215 740
209 755
184 776
177 770
176 761
180 757
189 728
500 500
520 622
547 655
565 676
586 689
571 650
571 649
571 648
595 628
578 616
590 598
580 593
574 593
565 570
500 500
434 594
409 651
394 639
375 671
388 669
416 688
370 733
420 730
467 732
465 690
459 639
500 578
500 500
240 609
230 594
221 558
195 572
201 625
206 651
226 646
286 645
358 578
500 500
647 551
664 559
662 566
661 582
663 582
679 590
692 552
686 543
675 544
500 500
320 745
321 753
329 768
332 775
352 782
358 740
500 500
200 671
191 686
184 680
135 683
170 716
187 725
205 739
215 740
500 500
724 572
781 585
770 613
748 593
737 579
735 579
500 500
724 495
714 478
700 468
680 445
676 446
671 445
659 461
500 500
598 493
626 499
654 492
664 511
709 509
724 505
706 519
693 537
663 527
655 522
500 500
521 534
502 571
505 586
495 573
446 574
500 500
740 442
764 425
769 411
790 405
786 416
795 425
794 430
780 439
775 451
760 446
749 451
740 456
500 500
747 398
752 393
750 412
755 418
753 427
739 421
500 500
327 603
283 660
300 676
293 693
289 705
298 705
326 681
338 657
500 500
794 421
786 416
832 405
884 418
879 359
879 350
837 321
806 347
797 356
808 359
819 376
780 394
500 500
670 520
786 523
826 450
830 457
841 466
852 489
823 519
809 569
798 573
807 595
788 583
786 578
771 573
500 500
491 471
516 472
521 478
500 500
744 725
835 757
877 808
807 780
786 740
726 813
633 815
587 776
500 500
708 388
732 382
745 370
733 352
747 340
733 341
724 328
711 336
648 377
500 500
313 770
272 792
292 823
233 821
228 846
235 859
215 902
177 983
260 910
356 921
352 905
358 902
500 500
565 501
582 503
600 503
615 511
632 536
636 512
636 463
500 500
253 708
228 725
227 720
229 700
223 692
221 678
228 680
239 690
358 578
500 500
916 502
966 516
1000 444
929 416
863 455
857 439
831 441
834 417
796 429
793 426
500 500
548 478
547 462
555 449
547 443
541 442
500 500
512 428
543 422
591 407
567 373
577 361
505 327
464 361
468 405
457 414
500 500
453 744
395 796
379 817
440 831
458 895
498 909
500 902
544 794
500 500
620 425
663 391
664 398
672 398
652 434
637 450
500 500
275 706
289 737
269 730
268 721
267 721
261 710
257 707
287 671
358 578
500 500
595 524
614 525
613 528
618 570
649 599
645 617
638 617
611 574
579 545
500 500
404 589
383 614
341 677
311 717
290 732
264 677
262 653
268 629
309 590
326 598
358 578
500 500
604 417
614 415
662 349
685 327
687 334
633 421
623 445
500 500
459 466
434 452
404 508
348 505
326 462
298 531
403 569
400 547
500 500
709 310
745 252
799 172
929 254
945 316
901 693
786 740
556 738
477 721
500 500
371 387
168 309
72 416
68 544
110 559
111 606
102 640
0 863
72 740
104 694
135 677
500 500
643 328
621 303
630 290
636 260
604 277
598 249
553 266
487 291
500 416
500 500
